15 PA3-E-Debug-Output.txt 0
   13.51  -17.67  -15.33        14.20  -15.33  -14.36     2.631
   14.24   -0.46   60.67        14.28   -0.47   62.99     2.325
  -11.14   15.87   10.67        -8.99   14.64   13.07     3.443
   23.49    6.76   26.69        27.05    7.04   27.80     3.738
    0.91  -18.57  -23.87         1.05  -18.63  -23.90     0.153
   15.29   22.74    5.80        15.63   26.64    6.51     3.983
   -0.21   16.52    1.19         0.41   15.73    1.67     1.111
  -29.72    6.65  -35.95       -29.99    7.33  -36.21     0.776
   22.87    2.67   27.90        25.77    1.21   28.59     3.323
  -12.72   12.81   10.11        -9.59   11.38   11.48     3.713
    6.87   -9.49   22.91         6.47   -7.97   22.70     1.584
   31.56   11.45  -17.95        34.02   12.96  -18.56     2.947
   19.90    9.76   40.48        23.60   10.89   40.87     3.884
  -41.03  -14.20  -43.68       -37.97  -13.20  -41.82     3.717
  -12.35    5.28  -16.86       -11.93    7.99  -15.91     2.906
