15 PA3-J-Unknown-Output.txt 0
   -2.58   18.24    9.56        -2.68   18.31    9.47     0.153
   15.72   13.08   53.85        19.03   15.49   54.62     4.166
   -2.37   17.70    9.75        -2.79   18.03    9.36     0.671
  -23.24  -29.06  -42.24       -22.87  -27.26  -40.72     2.380
   -9.24   -0.02   52.32        -6.36    1.04   52.44     3.075
   20.83   -5.05   32.57        20.25   -4.22   32.45     1.026
  -31.99  -25.29  -42.77       -31.01  -24.01  -41.53     2.035
  -11.43   -7.43   18.97        -8.37   -5.21   17.99     3.906
    9.73   21.91   -8.85         9.77   21.88   -8.84     0.046
    8.09  -10.74   22.45         7.32   -7.84   22.06     3.029
    7.65   18.20   42.39         7.26   20.82   42.80     2.688
    6.91   -9.24   29.08         6.66   -7.22   29.01     2.029
   -3.74   -9.66   48.59        -1.74   -5.40   48.23     4.716
   -2.23  -22.87  -16.58        -2.90  -22.13  -17.04     1.107
   -0.76   18.92   10.04        -1.46   19.67    9.50     1.162
    1.30   16.84   44.12         1.11   19.49   44.80     2.745
  -12.12    9.37   14.88       -11.56    9.48   14.96     0.581
   24.36   -3.78   25.67        23.83   -3.22   25.50     0.790
  -42.42  -22.27  -21.34       -40.38  -20.87  -21.62     2.492
   -4.19   -6.11  -29.58        -1.92   -5.10  -30.55     2.659
