15 PA3-K-Unknown-Output.txt 0
    2.52  -13.64    8.64         2.83  -11.97    8.47     1.716
   -4.31  -12.34  -37.46        -2.15  -12.27  -38.17     2.280
  -35.98   -7.63  -42.14       -36.66   -7.35  -42.92     1.075
  -12.46   -5.14  -43.20       -10.63   -3.82  -45.43     3.172
  -37.51  -23.27  -10.88       -35.61  -21.50  -12.87     3.276
   17.50  -12.38    7.03        16.74  -10.91    6.28     1.813
   -4.98    6.60   -9.86        -5.48    8.79   -9.99     2.248
   -2.42   -5.19   43.41        -2.67   -5.50   43.45     0.396
   19.45   -8.84   15.02        19.11   -7.23   14.60     1.694
   28.60   19.19   -1.72        29.96   20.98   -1.82     2.247
   11.92   21.64   59.99        11.78   20.35   59.83     1.314
   10.99   22.06   27.42        10.98   23.06   27.62     1.018
  -30.14  -30.11  -11.88       -28.73  -27.65  -13.95     3.507
   23.00   12.65   39.24        23.24   12.72   39.27     0.257
  -32.16  -12.28   -5.75       -31.75  -12.42   -6.61     0.960
  -20.44  -13.97   -2.57       -20.00  -12.85   -4.64     2.390
   -1.73  -20.69  -32.88        -1.62  -20.78  -32.93     0.154
  -33.67    4.55  -31.75       -34.89    6.02  -32.29     1.982
   16.90   -4.50   43.59        17.04   -4.73   43.61     0.265
  -41.31  -19.90  -32.95       -40.09  -19.73  -32.59     1.287
