15 PA3-A-Debug-Answer.txt 0
  -14.85   -14.51   -48.12       -14.85   -14.51   -48.12     0.000
    4.14    -8.18    24.87         4.14    -8.18    24.87     0.000
  -39.76   -21.37   -31.37       -39.76   -21.37   -31.37     0.000
   18.19     8.50   -26.55        18.19     8.50   -26.55     0.000
   20.25     1.60    59.58        20.25     1.60    59.58     0.000
   28.37     8.52   -29.93        28.37     8.52   -29.93     0.000
   -8.12    23.67    32.72        -8.12    23.67    32.72     0.000
    5.75    19.29    -3.36         5.75    19.29    -3.36     0.000
  -32.12   -10.10    -7.17       -32.12   -10.10    -7.17     0.000
    7.54    14.24    -8.85         7.54    14.24    -8.85     0.000
  -36.57    -2.44   -41.35       -36.57    -2.44   -41.35     0.000
    2.75    -7.67    28.57         2.75    -7.67    28.57     0.000
   26.73     8.02    28.56        26.73     8.02    28.56     0.000
   -8.69     8.25    32.87        -8.69     8.25    32.87     0.000
   -1.56   -16.81   -36.41        -1.56   -16.81   -36.41     0.000
