200 PA4-C-Debug-Answer.txt 0
   -5.72    10.99    57.09        -5.72    10.99    57.09     0.000
  -13.63   -28.75   -17.00       -13.63   -28.75   -17.00     0.000
  -12.35    -1.14   -45.17       -12.35    -1.14   -45.17     0.000
   20.23    13.97    54.21        20.23    13.97    54.21     0.000
   -6.50   -12.62     1.24        -6.50   -12.62     1.24     0.000
    7.89    22.49    30.60         7.89    22.49    30.60     0.000
   11.33    -2.37    63.22        11.33    -2.37    63.22     0.000
    6.71    19.81    59.02         6.71    19.81    59.02     0.000
   28.19     9.89   -29.68        28.19     9.89   -29.68     0.000
  -12.52    14.73    17.16       -12.52    14.73    17.16     0.000
   24.82    23.04   -21.20        24.82    23.04   -21.20     0.000
  -40.85   -19.15   -30.19       -40.85   -19.15   -30.19     0.000
   -8.45   -22.59   -11.81        -8.45   -22.59   -11.81     0.000
  -25.91   -26.56   -11.29       -25.91   -26.56   -11.29     0.000
  -13.10   -11.61    -0.46       -13.10   -11.61    -0.46     0.000
  -27.82     9.81   -32.29       -27.82     9.81   -32.29     0.000
   14.17    21.80    44.17        14.17    21.80    44.17     0.000
   -8.69     7.00    30.64        -8.69     7.00    30.64     0.000
   15.75    21.19    41.87        15.75    21.19    41.87     0.000
    0.42    20.40     7.93         0.42    20.40     7.93     0.000
  -10.78   -30.16   -27.73       -10.78   -30.16   -27.73     0.000
   20.46     0.06    52.56        20.46     0.06    52.56     0.000
   14.53    25.71    -8.27        14.53    25.71    -8.27     0.000
    7.28   -16.31   -13.34         7.28   -16.31   -13.34     0.000
  -27.25   -30.70   -18.52       -27.25   -30.70   -18.52     0.000
   -1.09   -20.12   -32.47        -1.09   -20.12   -32.47     0.000
  -35.48   -16.44    -9.66       -35.48   -16.44    -9.66     0.000
  -13.52    21.76    20.66       -13.52    21.76    20.66     0.000
  -18.16     4.48   -11.28       -18.16     4.48   -11.28     0.000
   24.64    17.29    23.81        24.64    17.29    23.81     0.000
  -11.67   -13.60   -47.02       -11.67   -13.60   -47.02     0.000
  -25.87    10.01   -18.84       -25.87    10.01   -18.84     0.000
  -14.21     2.29     3.63       -14.21     2.29     3.63     0.000
  -39.02   -17.92   -37.63       -39.02   -17.92   -37.63     0.000
  -26.02     3.99   -42.54       -26.02     3.99   -42.54     0.000
   -5.17    -1.87    54.20        -5.17    -1.87    54.20     0.000
    2.82    -6.86    45.07         2.82    -6.86    45.07     0.000
  -10.29    22.16    18.33       -10.29    22.16    18.33     0.000
   11.81    24.71    16.06        11.81    24.71    16.06     0.000
    4.36    19.11    56.31         4.36    19.11    56.31     0.000
   23.90     6.79   -30.35        23.90     6.79   -30.35     0.000
  -18.05     5.58   -13.10       -18.05     5.58   -13.10     0.000
    0.99    23.10    29.69         0.99    23.10    29.69     0.000
  -32.07     8.99   -24.68       -32.07     8.99   -24.68     0.000
   20.89     0.10   -25.33        20.89     0.10   -25.33     0.000
   -5.01    20.25    13.39        -5.01    20.25    13.39     0.000
  -28.73     7.89   -36.18       -28.73     7.89   -36.18     0.000
  -34.29     7.56   -28.33       -34.29     7.56   -28.33     0.000
   22.82     3.05    44.88        22.82     3.05    44.88     0.000
    2.69   -18.30   -14.52         2.69   -18.30   -14.52     0.000
   -0.46   -12.62     2.30        -0.46   -12.62     2.30     0.000
  -18.07   -15.83   -48.09       -18.07   -15.83   -48.09     0.000
   21.94     0.97    45.62        21.94     0.97    45.62     0.000
   21.47   -13.20   -18.61        21.47   -13.20   -18.61     0.000
   11.93    11.94    63.12        11.93    11.94    63.12     0.000
   38.19    11.01     5.02        38.19    11.01     5.02     0.000
    8.11    -6.70    37.18         8.11    -6.70    37.18     0.000
  -24.83    11.30   -21.30       -24.83    11.30   -21.30     0.000
    5.86   -14.51   -20.87         5.86   -14.51   -20.87     0.000
   24.58    12.58    32.56        24.58    12.58    32.56     0.000
  -36.27   -25.06   -33.79       -36.27   -25.06   -33.79     0.000
  -22.35     8.79   -37.68       -22.35     8.79   -37.68     0.000
   35.97    13.58   -10.60        35.97    13.58   -10.60     0.000
    6.38   -14.36   -20.30         6.38   -14.36   -20.30     0.000
   -7.13     8.53    41.54        -7.13     8.53    41.54     0.000
  -21.31     4.15   -42.99       -21.31     4.15   -42.99     0.000
   21.22    14.08   -30.58        21.22    14.08   -30.58     0.000
   15.09    -7.55   -22.06        15.09    -7.55   -22.06     0.000
    7.85   -14.60    -0.43         7.85   -14.60    -0.43     0.000
   -4.95    -0.67   -37.29        -4.95    -0.67   -37.29     0.000
    3.00    -6.94    40.54         3.00    -6.94    40.54     0.000
   22.44   -16.04   -12.14        22.44   -16.04   -12.14     0.000
   -6.99     4.74   -33.32        -6.99     4.74   -33.32     0.000
  -10.05    12.92    13.83       -10.05    12.92    13.83     0.000
   36.57    13.97     5.54        36.57    13.97     5.54     0.000
   12.35    16.66   -22.14        12.35    16.66   -22.14     0.000
  -25.33   -32.49   -23.47       -25.33   -32.49   -23.47     0.000
  -14.75   -16.81   -47.25       -14.75   -16.81   -47.25     0.000
  -16.19    17.64    23.58       -16.19    17.64    23.58     0.000
   -8.39   -26.12   -36.63        -8.39   -26.12   -36.63     0.000
  -29.10     4.99   -40.36       -29.10     4.99   -40.36     0.000
   13.59    18.55    62.43        13.59    18.55    62.43     0.000
   21.65    25.49    -6.78        21.65    25.49    -6.78     0.000
  -27.39    11.01   -22.96       -27.39    11.01   -22.96     0.000
    3.67    24.42    15.72         3.67    24.42    15.72     0.000
   18.91    20.53   -28.65        18.91    20.53   -28.65     0.000
   27.87   -11.58   -10.72        27.87   -11.58   -10.72     0.000
  -20.98   -21.41    -7.41       -20.98   -21.41    -7.41     0.000
   -0.61    -6.28    40.68        -0.61    -6.28    40.68     0.000
    7.04   -12.51     6.12         7.04   -12.51     6.12     0.000
   17.46    21.28   -28.89        17.46    21.28   -28.89     0.000
   16.43    -4.79    46.45        16.43    -4.79    46.45     0.000
   21.03   -13.35   -18.37        21.03   -13.35   -18.37     0.000
   17.86    -7.14    16.21        17.86    -7.14    16.21     0.000
   22.01    21.06    21.34        22.01    21.06    21.34     0.000
  -40.25   -16.72   -16.00       -40.25   -16.72   -16.00     0.000
   -0.34   -10.40   -31.59        -0.34   -10.40   -31.59     0.000
  -26.14   -32.34   -23.06       -26.14   -32.34   -23.06     0.000
   -1.79     0.48    63.43        -1.79     0.48    63.43     0.000
  -25.93   -13.29   -48.20       -25.93   -13.29   -48.20     0.000
    3.96    -5.92   -24.74         3.96    -5.92   -24.74     0.000
   13.29    -5.75    57.26        13.29    -5.75    57.26     0.000
   -2.04   -21.45   -33.32        -2.04   -21.45   -33.32     0.000
    1.46    -5.41    63.49         1.46    -5.41    63.49     0.000
   33.33    13.45   -20.11        33.33    13.45   -20.11     0.000
  -11.78   -27.85   -16.30       -11.78   -27.85   -16.30     0.000
   15.42    -8.63    12.12        15.42    -8.63    12.12     0.000
  -21.98   -31.31   -34.97       -21.98   -31.31   -34.97     0.000
   23.89     7.38    41.75        23.89     7.38    41.75     0.000
  -30.58     0.80   -42.92       -30.58     0.80   -42.92     0.000
   34.94    15.24     6.57        34.94    15.24     6.57     0.000
    6.11    20.15    -3.45         6.11    20.15    -3.45     0.000
   15.83     0.02   -21.74        15.83     0.02   -21.74     0.000
   18.58    -8.64     9.75        18.58    -8.64     9.75     0.000
   17.05    22.24    29.18        17.05    22.24    29.18     0.000
   25.41    -6.72    11.15        25.41    -6.72    11.15     0.000
  -27.93    10.17   -20.45       -27.93    10.17   -20.45     0.000
  -31.86     8.90   -29.22       -31.86     8.90   -29.22     0.000
   -8.29     7.90   -24.78        -8.29     7.90   -24.78     0.000
   -2.35   -20.43   -13.76        -2.35   -20.43   -13.76     0.000
   22.52    13.70    41.27        22.52    13.70    41.27     0.000
   -9.44   -28.63   -31.89        -9.44   -28.63   -31.89     0.000
  -12.95    10.82    20.43       -12.95    10.82    20.43     0.000
   13.07    27.31     0.43        13.07    27.31     0.43     0.000
    9.68   -11.22     9.30         9.68   -11.22     9.30     0.000
  -11.22     7.30    10.48       -11.22     7.30    10.48     0.000
  -42.07   -14.22   -18.69       -42.07   -14.22   -18.69     0.000
   -6.19     0.22    41.69        -6.19     0.22    41.69     0.000
  -25.24     8.14   -37.96       -25.24     8.14   -37.96     0.000
    0.06    -8.18    27.12         0.06    -8.18    27.12     0.000
  -24.70   -21.49    -7.31       -24.70   -21.49    -7.31     0.000
   37.24    12.58    -4.29        37.24    12.58    -4.29     0.000
   17.63    26.29     6.67        17.63    26.29     6.67     0.000
  -43.34   -12.50   -26.23       -43.34   -12.50   -26.23     0.000
   -9.43    -3.51    16.96        -9.43    -3.51    16.96     0.000
   29.67    20.82     6.51        29.67    20.82     6.51     0.000
  -29.77     4.82   -40.21       -29.77     4.82   -40.21     0.000
   19.53    22.77   -26.46        19.53    22.77   -26.46     0.000
   21.61    10.23    56.20        21.61    10.23    56.20     0.000
   -3.72    18.51    10.81        -3.72    18.51    10.81     0.000
   -5.10     0.23   -35.82        -5.10     0.23   -35.82     0.000
   22.81    13.49    39.84        22.81    13.49    39.84     0.000
   -6.24   -27.04   -22.98        -6.24   -27.04   -22.98     0.000
   13.01     7.37    62.99        13.01     7.37    62.99     0.000
   -8.66   -20.73   -42.78        -8.66   -20.73   -42.78     0.000
   10.57    -6.70    52.95        10.57    -6.70    52.95     0.000
   29.52    -1.87    17.36        29.52    -1.87    17.36     0.000
    3.38    -5.57    63.46         3.38    -5.57    63.46     0.000
  -14.15   -15.06   -47.82       -14.15   -15.06   -47.82     0.000
  -12.05     9.37    19.30       -12.05     9.37    19.30     0.000
   12.38    17.03   -20.91        12.38    17.03   -20.91     0.000
   20.65    25.96     2.28        20.65    25.96     2.28     0.000
   21.53    22.45   -25.41        21.53    22.45   -25.41     0.000
   -3.76   -16.01    -4.73        -3.76   -16.01    -4.73     0.000
   -4.38    13.61    57.10        -4.38    13.61    57.10     0.000
  -30.34     6.50   -37.74       -30.34     6.50   -37.74     0.000
   38.93     2.04     6.96        38.93     2.04     6.96     0.000
   -6.49    17.13    12.64        -6.49    17.13    12.64     0.000
  -16.07    19.15    24.30       -16.07    19.15    24.30     0.000
   14.34   -16.88   -10.43        14.34   -16.88   -10.43     0.000
    3.98    -7.37    59.40         3.98    -7.37    59.40     0.000
   31.62    -7.60    -0.40        31.62    -7.60    -0.40     0.000
   -4.67    16.87    10.41        -4.67    16.87    10.41     0.000
   33.82    -5.45     6.92        33.82    -5.45     6.92     0.000
  -33.02     5.82   -16.37       -33.02     5.82   -16.37     0.000
  -36.68     5.66   -28.04       -36.68     5.66   -28.04     0.000
    6.73    -1.06   -22.26         6.73    -1.06   -22.26     0.000
    1.51    -0.24   -24.20         1.51    -0.24   -24.20     0.000
    7.48     3.73    63.17         7.48     3.73    63.17     0.000
   22.84   -12.05    -2.00        22.84   -12.05    -2.00     0.000
  -11.62   -29.91   -31.74       -11.62   -29.91   -31.74     0.000
   30.88    16.38   -21.73        30.88    16.38   -21.73     0.000
   -0.15   -20.33   -25.51        -0.15   -20.33   -25.51     0.000
   18.65   -17.20    -8.12        18.65   -17.20    -8.12     0.000
   -7.42    21.21    36.86        -7.42    21.21    36.86     0.000
   -9.64   -24.06   -12.69        -9.64   -24.06   -12.69     0.000
   -3.27    -5.81    34.54        -3.27    -5.81    34.54     0.000
   14.59    15.24    63.12        14.59    15.24    63.12     0.000
   -1.76    12.20    -2.10        -1.76    12.20    -2.10     0.000
   -6.43   -25.35   -18.11        -6.43   -25.35   -18.11     0.000
  -20.82   -32.67   -30.45       -20.82   -32.67   -30.45     0.000
  -40.82   -18.79   -19.18       -40.82   -18.79   -19.18     0.000
   15.41    22.71    27.66        15.41    22.71    27.66     0.000
   20.68    17.98    36.42        20.68    17.98    36.42     0.000
  -13.69    -1.28     7.50       -13.69    -1.28     7.50     0.000
   -0.04     4.49   -22.16        -0.04     4.49   -22.16     0.000
  -30.80    -5.82   -46.50       -30.80    -5.82   -46.50     0.000
    7.58    23.40    24.67         7.58    23.40    24.67     0.000
   -8.30     6.09    30.82        -8.30     6.09    30.82     0.000
   21.24    -7.72    10.64        21.24    -7.72    10.64     0.000
   19.99    22.11    21.92        19.99    22.11    21.92     0.000
   25.05    -5.19    16.54        25.05    -5.19    16.54     0.000
  -31.40   -29.34   -20.41       -31.40   -29.34   -20.41     0.000
    7.99    21.38    39.50         7.99    21.38    39.50     0.000
   37.46    12.54    -0.17        37.46    12.54    -0.17     0.000
   38.15     2.39     8.56        38.15     2.39     8.56     0.000
   17.09   -12.54     2.74        17.09   -12.54     2.74     0.000
  -15.08    12.52    23.52       -15.08    12.52    23.52     0.000
   -0.34   -12.60   -34.01        -0.34   -12.60   -34.01     0.000
   32.23    17.07   -16.88        32.23    17.07   -16.88     0.000
