200 PA4-B-Debug-Answer.txt 0
  -14.19     5.60    -9.93       -14.19     5.60    -9.93     0.000
  -19.03   -32.45   -30.71       -19.03   -32.45   -30.71     0.000
  -31.33   -23.42   -11.04       -31.33   -23.42   -11.04     0.000
  -23.21   -32.51   -31.27       -23.21   -32.51   -31.27     0.000
   26.99    -0.75    23.42        26.99    -0.75    23.42     0.000
    4.41   -16.98   -10.11         4.41   -16.98   -10.11     0.000
   26.52     0.79   -29.42        26.52     0.79   -29.42     0.000
   -6.74     7.89    55.65        -6.74     7.89    55.65     0.000
   -1.52   -22.36   -26.30        -1.52   -22.36   -26.30     0.000
   36.67     3.64    10.35        36.67     3.64    10.35     0.000
   30.87    -9.79   -16.64        30.87    -9.79   -16.64     0.000
   -0.77   -16.19   -35.46        -0.77   -16.19   -35.46     0.000
   20.08    -0.21   -24.19        20.08    -0.21   -24.19     0.000
    5.32    19.77    52.17         5.32    19.77    52.17     0.000
   -1.28    15.93    61.31        -1.28    15.93    61.31     0.000
   19.00     9.01   -28.07        19.00     9.01   -28.07     0.000
  -39.80   -15.69   -14.67       -39.80   -15.69   -14.67     0.000
   22.55    -7.81     8.95        22.55    -7.81     8.95     0.000
   -0.78   -11.36   -34.42        -0.78   -11.36   -34.42     0.000
    4.50    -5.21   -24.24         4.50    -5.21   -24.24     0.000
   14.96    -4.93    55.46        14.96    -4.93    55.46     0.000
  -11.67   -12.67   -47.12       -11.67   -12.67   -47.12     0.000
  -17.18   -28.86   -14.88       -17.18   -28.86   -14.88     0.000
  -10.62     7.76     7.12       -10.62     7.76     7.12     0.000
  -28.54    -7.25   -47.60       -28.54    -7.25   -47.60     0.000
   36.34     8.48     9.52        36.34     8.48     9.52     0.000
  -32.20   -18.50    -8.69       -32.20   -18.50    -8.69     0.000
   23.70     9.86    41.88        23.70     9.86    41.88     0.000
   20.33   -10.95     2.20        20.33   -10.95     2.20     0.000
   -5.11   -11.50     4.57        -5.11   -11.50     4.57     0.000
   35.72    11.38   -14.44        35.72    11.38   -14.44     0.000
   17.83    16.51    59.30        17.83    16.51    59.30     0.000
    8.07    -3.09   -22.43         8.07    -3.09   -22.43     0.000
  -15.95    15.59    20.62       -15.95    15.59    20.62     0.000
  -35.36   -15.69   -43.87       -35.36   -15.69   -43.87     0.000
   28.97     9.12   -29.60        28.97     9.12   -29.60     0.000
   31.93    -5.34    10.19        31.93    -5.34    10.19     0.000
  -15.53   -12.52   -48.49       -15.53   -12.52   -48.49     0.000
   -9.22   -11.18     2.64        -9.22   -11.18     2.64     0.000
   10.32   -13.19     4.51        10.32   -13.19     4.51     0.000
   15.19    25.36   -11.12        15.19    25.36   -11.12     0.000
    2.93   -11.77    10.09         2.93   -11.77    10.09     0.000
  -37.19     5.15   -28.10       -37.19     5.15   -28.10     0.000
  -15.03   -11.25   -48.48       -15.03   -11.25   -48.48     0.000
   -8.95   -14.41   -45.21        -8.95   -14.41   -45.21     0.000
  -40.33   -18.53   -17.76       -40.33   -18.53   -17.76     0.000
  -26.66   -19.04    -7.06       -26.66   -19.04    -7.06     0.000
   33.43    -2.24   -23.19        33.43    -2.24   -23.19     0.000
    1.38    11.46    -7.36         1.38    11.46    -7.36     0.000
   24.89   -12.94    -4.63        24.89   -12.94    -4.63     0.000
  -40.41     1.32   -25.20       -40.41     1.32   -25.20     0.000
   18.78    16.90    50.85        18.78    16.90    50.85     0.000
   25.71    17.26   -26.62        25.71    17.26   -26.62     0.000
  -16.13   -17.99    -6.11       -16.13   -17.99    -6.11     0.000
   16.73    19.64    46.94        16.73    19.64    46.94     0.000
   -0.24   -10.88    12.71        -0.24   -10.88    12.71     0.000
   21.12    -8.22     8.85        21.12    -8.22     8.85     0.000
   19.03    20.43   -28.64        19.03    20.43   -28.64     0.000
  -15.42   -13.11   -48.48       -15.42   -13.11   -48.48     0.000
   15.29    -5.09    49.75        15.29    -5.09    49.75     0.000
   -6.60    -2.95    31.94        -6.60    -2.95    31.94     0.000
   -1.97   -22.03   -19.01        -1.97   -22.03   -19.01     0.000
   33.29    11.79    12.34        33.29    11.79    12.34     0.000
  -35.23   -25.88   -34.26       -35.23   -25.88   -34.26     0.000
  -18.20    11.06   -33.91       -18.20    11.06   -33.91     0.000
   18.91    19.44    39.22        18.91    19.44    39.22     0.000
  -33.03    -3.13    -9.80       -33.03    -3.13    -9.80     0.000
  -24.03    10.29   -34.77       -24.03    10.29   -34.77     0.000
  -13.57     9.14   -34.61       -13.57     9.14   -34.61     0.000
  -37.23     2.19   -16.98       -37.23     2.19   -16.98     0.000
   -1.15    21.51    36.74        -1.15    21.51    36.74     0.000
  -28.61    -7.65    -7.75       -28.61    -7.65    -7.75     0.000
   30.02    -6.20    10.17        30.02    -6.20    10.17     0.000
  -27.48   -29.94   -35.34       -27.48   -29.94   -35.34     0.000
   -5.36   -21.90   -13.38        -5.36   -21.90   -13.38     0.000
   -0.55    10.38    -8.02        -0.55    10.38    -8.02     0.000
   13.12    -6.00    54.92        13.12    -6.00    54.92     0.000
   10.66    23.14    26.69        10.66    23.14    26.69     0.000
  -28.18   -25.16   -10.77       -28.18   -25.16   -10.77     0.000
  -38.24   -21.06   -16.38       -38.24   -21.06   -16.38     0.000
  -11.67   -15.46    -4.13       -11.67   -15.46    -4.13     0.000
   12.31    -6.27    45.23        12.31    -6.27    45.23     0.000
   -6.76     3.09    53.74        -6.76     3.09    53.74     0.000
   -7.10     6.21    57.32        -7.10     6.21    57.32     0.000
   28.34    -7.08   -24.38        28.34    -7.08   -24.38     0.000
  -11.73     9.00   -18.28       -11.73     9.00   -18.28     0.000
   24.11    24.41   -12.00        24.11    24.41   -12.00     0.000
   -6.97     6.93    44.88        -6.97     6.93    44.88     0.000
  -12.28     8.53   -34.60       -12.28     8.53   -34.60     0.000
   14.49    21.17   -29.50        14.49    21.17   -29.50     0.000
  -34.44   -13.24   -45.69       -34.44   -13.24   -45.69     0.000
  -22.49     1.97   -11.37       -22.49     1.97   -11.37     0.000
   -6.37   -17.28    -6.24        -6.37   -17.28    -6.24     0.000
   25.53    -2.61    23.28        25.53    -2.61    23.28     0.000
    0.20     6.10   -19.81         0.20     6.10   -19.81     0.000
   -8.57    -6.90    12.86        -8.57    -6.90    12.86     0.000
   29.39     6.76   -28.95        29.39     6.76   -28.95     0.000
   -8.06   -16.89    -5.88        -8.06   -16.89    -5.88     0.000
   -3.07    18.86    42.98        -3.07    18.86    42.98     0.000
  -36.29    -0.05   -39.97       -36.29    -0.05   -39.97     0.000
  -15.74   -30.81   -19.67       -15.74   -30.81   -19.67     0.000
    8.65    18.60    61.54         8.65    18.60    61.54     0.000
   24.68    10.44    35.47        24.68    10.44    35.47     0.000
   12.61    16.47   -27.97        12.61    16.47   -27.97     0.000
    9.54    21.69    40.07         9.54    21.69    40.07     0.000
   21.31   -11.68    -0.08        21.31   -11.68    -0.08     0.000
   -4.35   -18.35   -39.41        -4.35   -18.35   -39.41     0.000
   -9.20   -22.73   -11.51        -9.20   -22.73   -11.51     0.000
   10.95    -6.32    34.89        10.95    -6.32    34.89     0.000
   12.27   -16.45   -10.91        12.27   -16.45   -10.91     0.000
  -37.48    -1.57   -39.65       -37.48    -1.57   -39.65     0.000
  -12.63     5.23     0.55       -12.63     5.23     0.55     0.000
   36.72     1.40    10.26        36.72     1.40    10.26     0.000
    6.03   -16.26    -9.56         6.03   -16.26    -9.56     0.000
   11.88    21.98    36.10        11.88    21.98    36.10     0.000
   28.41     0.11    20.87        28.41     0.11    20.87     0.000
   -7.94    -7.48   -44.93        -7.94    -7.48   -44.93     0.000
   11.84    20.82    54.37        11.84    20.82    54.37     0.000
   25.45    24.11     0.07        25.45    24.11     0.07     0.000
  -39.87     1.86   -29.46       -39.87     1.86   -29.46     0.000
   -8.89    -0.46    22.82        -8.89    -0.46    22.82     0.000
  -22.20    -2.40   -47.39       -22.20    -2.40   -47.39     0.000
    0.14   -19.96   -25.24         0.14   -19.96   -25.24     0.000
    9.76    22.21    -8.19         9.76    22.21    -8.19     0.000
  -28.98   -28.17   -37.67       -28.98   -28.17   -37.67     0.000
  -14.03    -0.89     6.78       -14.03    -0.89     6.78     0.000
   -0.75     0.35   -25.42        -0.75     0.35   -25.42     0.000
  -32.81    -2.64   -43.95       -32.81    -2.64   -43.95     0.000
  -11.32   -26.01   -14.20       -11.32   -26.01   -14.20     0.000
  -38.56   -23.41   -21.05       -38.56   -23.41   -21.05     0.000
    7.98    23.57    23.80         7.98    23.57    23.80     0.000
  -25.06     1.20   -45.27       -25.06     1.20   -45.27     0.000
  -35.87     2.71   -15.30       -35.87     2.71   -15.30     0.000
  -15.43   -18.62    -6.64       -15.43   -18.62    -6.64     0.000
   -7.93    -3.44    24.03        -7.93    -3.44    24.03     0.000
   -4.58    11.01    -0.24        -4.58    11.01    -0.24     0.000
    6.74    19.36    -5.37         6.74    19.36    -5.37     0.000
   12.60    -9.53    11.80        12.60    -9.53    11.80     0.000
    1.21    18.61    51.29         1.21    18.61    51.29     0.000
  -32.45   -17.20    -8.50       -32.45   -17.20    -8.50     0.000
   -9.26   -20.96   -43.06        -9.26   -20.96   -43.06     0.000
  -21.55   -10.76    -4.14       -21.55   -10.76    -4.14     0.000
   -9.65    15.21    38.01        -9.65    15.21    38.01     0.000
  -30.10   -30.29   -21.76       -30.10   -30.29   -21.76     0.000
   -4.10   -11.54     5.20        -4.10   -11.54     5.20     0.000
  -15.98    15.49    30.32       -15.98    15.49    30.32     0.000
   37.38    -0.93     8.11        37.38    -0.93     8.11     0.000
   20.33   -12.01     0.37        20.33   -12.01     0.37     0.000
   -1.69    18.68     8.73        -1.69    18.68     8.73     0.000
   14.68    -8.51   -21.76        14.68    -8.51   -21.76     0.000
  -10.13    -3.88    13.41       -10.13    -3.88    13.41     0.000
   -8.83   -29.13   -25.92        -8.83   -29.13   -25.92     0.000
   10.51    24.27    19.52        10.51    24.27    19.52     0.000
   31.16     0.77    16.62        31.16     0.77    16.62     0.000
    1.77   -11.25   -26.91         1.77   -11.25   -26.91     0.000
   18.33    26.63    -4.34        18.33    26.63    -4.34     0.000
   -5.10     8.78   -11.65        -5.10     8.78   -11.65     0.000
   25.02    23.40     7.29        25.02    23.40     7.29     0.000
   20.30    18.33    36.87        20.30    18.33    36.87     0.000
   22.48    10.22    49.47        22.48    10.22    49.47     0.000
    0.81    18.17    53.85         0.81    18.17    53.85     0.000
   -2.83    11.19    -2.90        -2.83    11.19    -2.90     0.000
    8.37   -15.30    -2.00         8.37   -15.30    -2.00     0.000
   30.36    20.65    -2.19        30.36    20.65    -2.19     0.000
  -41.60    -6.42   -33.27       -41.60    -6.42   -33.27     0.000
   22.07     0.96    45.04        22.07     0.96    45.04     0.000
   23.30    23.86     8.16        23.30    23.86     8.16     0.000
   -3.27    22.92    33.15        -3.27    22.92    33.15     0.000
  -14.04   -25.37   -11.54       -14.04   -25.37   -11.54     0.000
   22.16    -5.72    18.14        22.16    -5.72    18.14     0.000
  -22.64    -8.64    -4.65       -22.64    -8.64    -4.65     0.000
    2.64    20.49    41.68         2.64    20.49    41.68     0.000
    7.82    20.66    45.18         7.82    20.66    45.18     0.000
   32.62    -5.00   -22.79        32.62    -5.00   -22.79     0.000
  -35.28   -24.12   -15.86       -35.28   -24.12   -15.86     0.000
   29.22    -1.61   -27.20        29.22    -1.61   -27.20     0.000
   21.33     8.09    59.91        21.33     8.09    59.91     0.000
  -14.21   -31.58   -26.08       -14.21   -31.58   -26.08     0.000
   -0.98   -20.34   -15.95        -0.98   -20.34   -15.95     0.000
   -9.97    21.01    17.08        -9.97    21.01    17.08     0.000
   32.44    -5.90     8.08        32.44    -5.90     8.08     0.000
   21.95    24.74   -19.09        21.95    24.74   -19.09     0.000
  -27.91   -28.94   -37.06       -27.91   -28.94   -37.06     0.000
   -3.63   -14.56   -39.97        -3.63   -14.56   -39.97     0.000
   -9.53   -28.75   -31.46        -9.53   -28.75   -31.46     0.000
   23.84     9.48    41.32        23.84     9.48    41.32     0.000
   -9.70    12.26    36.36        -9.70    12.26    36.36     0.000
   -0.99   -16.08   -35.90        -0.99   -16.08   -35.90     0.000
  -33.80    -6.66    -9.00       -33.80    -6.66    -9.00     0.000
   32.59     0.04    14.55        32.59     0.04    14.55     0.000
   16.52    -4.26    52.61        16.52    -4.26    52.61     0.000
  -19.17   -20.93   -46.64       -19.17   -20.93   -46.64     0.000
   28.88    -9.07     1.83        28.88    -9.07     1.83     0.000
  -29.11   -31.24   -24.52       -29.11   -31.24   -24.52     0.000
  -26.97     2.41   -43.68       -26.97     2.41   -43.68     0.000
  -23.02   -28.37   -13.41       -23.02   -28.37   -13.41     0.000
   15.61    -9.42   -21.12        15.61    -9.42   -21.12     0.000
   -3.37    12.53     1.69        -3.37    12.53     1.69     0.000
    7.25    -7.32    60.00         7.25    -7.32    60.00     0.000
  -29.76   -13.07    -6.09       -29.76   -13.07    -6.09     0.000
