200 PA4-E-Debug-Output.txt 0
    1.65    19.69    45.21         1.68    19.56    45.19     0.132
   23.55   -11.21    -0.95        23.55   -11.21    -0.95     0.000
   -5.39    -1.48    54.92        -5.44    -1.50    54.92     0.049
  -33.84     2.06   -40.16       -33.83     2.04   -40.15     0.029
   24.10   -15.06   -14.22        24.07   -15.02   -14.22     0.047
   28.41    18.06    13.91        28.36    18.02    13.87     0.077
   -4.66    13.47    54.31        -4.60    13.44    54.30     0.067
   11.38    17.53   -12.76        11.46    17.56   -12.74     0.085
   24.38    18.21    22.77        24.35    18.18    22.76     0.047
  -30.73     9.32   -21.75       -30.77     9.40   -21.73     0.090
    3.87     4.76    63.45         3.87     4.76    63.47     0.012
   12.48    27.33     4.12        12.52    27.22     4.10     0.116
   21.02    -2.93    35.13        21.08    -2.98    35.15     0.080
   26.54    13.14    24.17        26.66    13.21    24.21     0.143
  -10.98    -4.47   -46.11       -10.98    -4.47   -46.11     0.005
  -42.89   -16.75   -26.04       -42.81   -16.71   -26.05     0.089
  -27.92   -28.31   -14.58       -27.93   -28.36   -14.56     0.060
   23.44     6.76   -30.20        23.43     6.75   -30.24     0.035
  -43.35    -7.99   -29.20       -43.35    -7.99   -29.20     0.008
  -27.54   -28.89   -37.32       -27.55   -28.93   -37.34     0.040
  -32.88   -17.56   -44.27       -32.90   -17.60   -44.34     0.076
  -38.08     3.32   -21.42       -38.11     3.35   -21.41     0.044
  -39.83   -18.49   -16.58       -39.82   -18.48   -16.58     0.006
  -37.13   -10.88   -43.09       -37.19   -10.87   -43.13     0.074
   14.75    17.70   -30.78        14.75    17.69   -30.80     0.019
  -37.46   -11.46   -10.42       -37.46   -11.46   -10.42     0.001
   30.22    19.47   -18.63        30.28    19.50   -18.65     0.074
  -29.75     4.96   -40.18       -29.74     4.94   -40.14     0.046
   -7.56     5.58   -31.20        -7.61     5.55   -31.20     0.056
   40.36     2.71    -4.41        40.34     2.72    -4.41     0.025
   -3.88    -6.16    32.59        -3.82    -6.08    32.57     0.105
   16.08    19.04    53.47        16.07    19.03    53.47     0.011
  -38.57    -3.66   -13.80       -38.52    -3.69   -13.84     0.073
   25.65   -14.07   -14.84        25.60   -13.99   -14.84     0.098
   13.91    -5.40    60.02        13.84    -5.29    60.02     0.138
   13.29   -10.82     7.98        13.29   -10.81     7.98     0.011
   -9.37     5.89    26.57        -9.45     5.86    26.59     0.095
  -40.22   -17.00   -16.27       -40.26   -17.01   -16.26     0.044
   -8.25   -19.41   -43.39        -8.29   -19.39   -43.34     0.073
   -4.15    -4.82    34.50        -4.16    -4.83    34.50     0.024
   -1.44   -13.66   -36.58        -1.38   -13.66   -36.60     0.057
   30.91    -9.73   -14.44        30.94    -9.75   -14.44     0.035
  -24.78     8.20   -16.82       -24.79     8.15   -16.87     0.066
   29.22   -11.06   -12.69        29.19   -11.02   -12.70     0.042
  -37.07     2.14   -36.91       -36.96     2.03   -36.87     0.159
    3.71    -7.06    42.23         3.72    -6.96    42.23     0.100
  -21.43   -12.63   -49.02       -21.43   -12.63   -49.02     0.002
   -6.39     1.07    41.51        -6.40     1.07    41.51     0.012
   14.99    25.29    12.73        14.99    25.25    12.71     0.041
  -28.66   -31.46   -26.79       -28.65   -31.44   -26.79     0.029
   -4.10    17.52    10.12        -4.02    17.46    10.20     0.128
   22.06    -5.57    19.49        22.07    -5.60    19.49     0.036
  -14.26    22.32    25.09       -14.36    22.43    25.09     0.160
  -26.03     0.08   -45.77       -26.02     0.07   -45.76     0.017
   -5.40     8.13    62.61        -5.38     8.12    62.57     0.038
   23.44     6.73    45.73        23.27     6.73    45.70     0.173
    6.55    24.96     8.42         6.51    25.10     8.42     0.144
  -15.04     3.41    -4.74       -15.07     3.45    -4.74     0.046
  -10.43     6.05   -36.89       -10.38     6.11   -36.93     0.085
    5.95    23.67    21.94         5.95    23.76    21.96     0.083
   -6.61     4.14    59.84        -6.72     4.10    59.85     0.122
  -10.46   -26.02   -39.08       -10.49   -25.97   -39.05     0.070
   -0.54     0.23   -25.19        -0.50     0.25   -25.22     0.049
  -19.37    10.11   -36.06       -19.38    10.14   -36.08     0.038
   36.98    10.42     8.13        36.94    10.41     8.10     0.047
   -7.18    10.79    42.91        -7.00    10.79    42.85     0.196
    8.28    23.51    23.69         8.28    23.59    23.70     0.086
  -22.34     0.99   -45.65       -22.34     1.01   -45.67     0.028
  -15.76     7.61   -39.42       -15.75     7.63   -39.44     0.024
   23.12    16.23    31.35        23.05    16.19    31.34     0.081
  -28.32     7.10   -38.02       -28.33     7.11   -38.03     0.012
  -25.12   -22.05    -7.56       -25.12   -22.05    -7.56     0.002
    0.90    10.43    -8.88         0.86    10.54    -8.92     0.116
   22.29    20.50    22.73        22.24    20.44    22.71     0.077
   25.93    -9.36     2.95        25.93    -9.33     2.94     0.031
  -42.46   -13.83   -19.43       -42.40   -13.82   -19.45     0.062
   -9.60   -18.55   -44.48        -9.62   -18.55   -44.46     0.023
    3.93   -12.47     4.93         3.93   -12.45     4.92     0.025
   25.74    -1.19    26.06        25.75    -1.20    26.07     0.023
   21.15    16.37    39.64        21.17    16.39    39.64     0.025
  -30.00   -30.18   -21.20       -30.02   -30.25   -21.19     0.075
    7.42    -3.91    63.39         7.42    -3.91    63.41     0.021
  -35.13   -13.94    -8.63       -35.14   -13.94    -8.62     0.015
   28.41    -8.51     3.54        28.46    -8.63     3.58     0.145
  -29.42   -30.95   -30.33       -29.38   -30.85   -30.31     0.113
  -32.25     3.91   -39.33       -32.22     3.89   -39.31     0.036
   26.24    17.80    18.04        26.27    17.82    18.05     0.030
   29.80    14.98    14.93        29.74    14.95    14.88     0.080
   23.10    11.67    43.55        23.03    11.65    43.54     0.066
   -0.44    17.54    53.87        -0.42    17.51    53.87     0.039
   -4.35   -26.27   -26.21        -4.45   -26.14   -26.19     0.161
  -19.91   -15.03   -48.67       -19.91   -15.02   -48.61     0.056
   38.85     9.98     2.58        38.94    10.04     2.59     0.109
    0.97    -5.43   -27.21         0.91    -5.47   -27.16     0.092
   -6.28     9.23    59.49        -6.49     9.30    59.49     0.226
  -11.91     8.21   -35.25       -11.93     8.16   -35.24     0.052
   15.86    21.21   -29.71        15.85    21.23   -29.74     0.040
   24.55     6.48   -30.41        24.54     6.48   -30.35     0.059
   -0.06    12.38    -3.37        -0.13    12.55    -3.43     0.191
   12.83    20.48    57.45        12.83    20.50    57.45     0.014
   -7.78     7.64    38.19        -7.55     7.69    38.20     0.230
   10.57     7.25    63.01        10.57     7.26    62.93     0.080
   20.63    10.67    61.90        20.55    10.64    61.88     0.090
  -27.91    -4.56   -47.58       -27.88    -4.58   -47.53     0.067
   17.84    -3.01    52.04        17.85    -3.03    52.04     0.025
  -39.85   -16.80   -34.56       -39.82   -16.81   -34.56     0.026
  -15.61   -21.02    -8.43       -15.58   -21.07    -8.35     0.105
   -7.50     3.36    32.22        -7.44     3.36    32.21     0.060
   31.60    19.39   -10.22        31.64    19.43   -10.22     0.053
   29.21    16.73    14.15        29.20    16.72    14.14     0.019
  -25.59   -27.48   -12.37       -25.58   -27.45   -12.40     0.045
  -26.42   -13.78    -6.22       -26.42   -13.77    -6.25     0.032
   19.58    -8.38   -23.04        19.58    -8.40   -23.06     0.030
  -39.97     1.97   -27.70       -39.90     1.93   -27.70     0.079
  -10.50   -23.43   -41.76       -10.46   -23.49   -41.82     0.094
   12.06    17.24   -22.24        12.08    17.25   -22.24     0.022
  -25.89   -27.58   -12.43       -25.88   -27.49   -12.49     0.111
  -26.00     7.86   -37.97       -26.01     7.90   -37.99     0.044
  -24.51     9.71   -35.56       -24.54     9.80   -35.59     0.101
    0.51   -18.91   -12.73         0.52   -18.92   -12.73     0.012
   28.74    18.08   -22.74        28.73    18.07   -22.73     0.017
   -5.72   -19.85   -10.36        -5.70   -19.89   -10.32     0.053
   -9.31     8.06   -12.56        -9.32     8.07   -12.56     0.016
   20.53    -6.67   -23.98        20.53    -6.67   -23.97     0.008
  -16.95   -32.35   -26.84       -16.95   -32.34   -26.84     0.011
   22.35    10.81    48.31        22.47    10.85    48.32     0.130
   -6.21     3.34   -32.29        -6.37     3.27   -32.29     0.179
   -6.32    10.33     2.24        -6.34    10.35     2.24     0.027
  -38.01   -17.01   -39.93       -38.10   -17.06   -40.01     0.130
    1.70    18.60    51.88         1.68    18.65    51.89     0.053
   21.44     1.78    50.88        21.48     1.76    50.88     0.039
   11.83    26.19    10.50        11.84    26.18    10.50     0.011
    6.92    -6.80    40.82         6.92    -6.79    40.82     0.002
   11.52    26.92     1.35        11.53    26.92     1.35     0.002
  -39.15    -0.54   -36.10       -39.12    -0.55   -36.08     0.035
   36.74     7.27   -15.16        36.71     7.26   -15.15     0.030
   17.34    21.51    35.58        17.34    21.50    35.58     0.007
   38.87     2.65     7.71        38.84     2.66     7.70     0.043
  -24.50   -18.48    -6.49       -24.50   -18.48    -6.48     0.009
   11.24    21.47    45.20        11.24    21.47    45.20     0.008
  -27.51    10.72   -21.28       -27.46    10.58   -21.32     0.157
  -20.13   -14.68   -47.96       -20.16   -14.68   -47.95     0.038
   14.33    -6.45    25.11        14.34    -6.56    25.12     0.105
   31.54     1.67   -26.18        31.58     1.66   -26.21     0.049
  -10.53    -7.22     8.05       -10.46    -7.15     8.01     0.108
  -12.03   -17.90    -6.99       -12.03   -17.91    -6.98     0.016
   29.68    -9.16    -1.02        29.74    -9.25    -1.01     0.116
  -15.50    20.29    24.60       -15.71    20.41    24.55     0.244
   -1.72     1.20   -26.10        -1.72     1.20   -26.10     0.001
   15.84    11.90   -27.66        15.85    11.90   -27.65     0.013
   -7.13     4.86    58.34        -7.09     4.86    58.34     0.048
  -20.72   -13.05    -4.90       -20.72   -13.05    -4.90     0.001
   23.60    20.33    18.65        23.69    20.41    18.70     0.133
   31.10    15.68    12.40        31.16    15.74    12.45     0.097
   30.75     7.00    18.33        30.64     6.99    18.27     0.123
  -25.27   -30.51   -35.53       -25.26   -30.49   -35.52     0.021
  -16.28    11.06   -32.81       -16.31    10.97   -32.78     0.098
   -7.27   -21.99   -11.87        -7.29   -21.95   -11.89     0.056
   36.75    -2.38     2.91        36.75    -2.38     2.91     0.005
  -22.91    -0.64    -9.36       -22.94    -0.61    -9.33     0.052
   -9.51   -28.73   -32.91        -9.60   -28.59   -32.88     0.171
   11.36    12.32    63.10        11.36    12.32    63.13     0.029
  -13.70    22.27    21.52       -13.67    22.26    21.53     0.037
  -26.87     9.19   -35.27       -26.87     9.21   -35.28     0.020
   14.02     9.76    63.15        14.02     9.77    63.15     0.003
  -27.18    11.22   -24.71       -27.21    11.28   -24.70     0.064
  -29.58   -24.39   -42.11       -29.57   -24.37   -42.09     0.033
  -30.46   -23.87   -42.08       -30.47   -23.88   -42.09     0.019
  -10.80    18.44    37.08       -10.77    18.43    37.05     0.048
  -13.70   -31.18   -29.12       -13.67   -31.25   -29.14     0.081
   14.65   -14.00   -16.63        14.66   -13.97   -16.61     0.034
   -9.88   -18.60   -44.70        -9.90   -18.59   -44.66     0.046
   28.61    20.58   -20.49        28.57    20.53   -20.47     0.064
   36.42     4.35   -16.48        36.44     4.34   -16.49     0.029
   -6.72     2.49    57.62        -6.72     2.49    57.62     0.001
  -24.07   -15.43    -6.09       -24.07   -15.43    -6.10     0.010
  -22.66   -11.55   -49.33       -22.67   -11.56   -49.36     0.038
   37.57    11.99     3.89        37.68    12.04     3.89     0.122
    7.33    23.88    21.39         7.33    23.90    21.39     0.022
   30.72     1.04   -27.51        30.76     1.04   -27.53     0.046
   -7.32    24.26    30.82        -7.31    24.22    30.82     0.044
   27.83    22.50     1.57        27.85    22.52     1.57     0.033
   21.57    24.05   -23.11        21.62    24.12   -23.16     0.097
   -6.88    18.57    13.24        -6.86    18.55    13.28     0.046
   16.29    -5.19    42.13        16.30    -5.22    42.13     0.030
   -7.48    21.34    36.46        -7.51    21.42    36.52     0.106
   -6.97     6.86   -25.15        -6.98     6.84   -25.14     0.019
   -2.89    23.95    18.87        -2.89    23.81    18.91     0.149
   -8.49    24.26    22.09        -8.48    24.47    22.03     0.211
    0.41    20.18    42.63         0.42    20.14    42.62     0.044
   35.32    -3.50     0.57        35.39    -3.56     0.56     0.088
   18.84    26.08   -10.10        18.84    25.98   -10.09     0.100
  -14.87    15.10    31.73       -14.95    15.07    31.78     0.098
   -5.68   -24.58   -34.74        -5.67   -24.58   -34.74     0.003
   -6.32   -27.26   -25.03        -6.30   -27.29   -25.03     0.036
   25.54    23.74   -16.27        25.53    23.71   -16.27     0.031
  -18.70   -17.90    -6.27       -18.70   -17.89    -6.31     0.042
  -15.96     7.55   -39.80       -15.97     7.48   -39.76     0.085
   -9.33   -29.18   -24.67        -9.28   -29.24   -24.66     0.077
  -25.68   -23.09   -44.31       -25.68   -23.06   -44.28     0.044
