200 PA4-E-Debug-Answer.txt 0
    1.65    19.74    45.19         1.69    19.56    45.17     0.182
   23.54   -11.19    -0.93        23.55   -11.20    -0.93     0.010
   -5.39    -1.42    54.92        -5.46    -1.44    54.92     0.064
  -33.85     2.05   -40.16       -33.83     2.04   -40.15     0.024
   24.09   -15.06   -14.21        24.07   -15.03   -14.21     0.038
   28.41    18.08    13.90        28.35    18.04    13.85     0.085
   -4.66    13.53    54.31        -4.58    13.49    54.30     0.093
   11.38    17.54   -12.77        11.46    17.57   -12.75     0.087
   24.38    18.24    22.76        24.33    18.20    22.74     0.062
  -30.74     9.32   -21.75       -30.77     9.40   -21.73     0.084
    3.86     4.83    63.45         3.86     4.83    63.47     0.011
   12.48    27.35     4.10        12.52    27.22     4.08     0.132
   21.02    -2.88    35.14        21.10    -2.96    35.17     0.110
   26.54    13.17    24.17        26.65    13.23    24.20     0.132
  -10.99    -4.48   -46.11       -10.98    -4.48   -46.11     0.009
  -42.89   -16.74   -26.03       -42.81   -16.70   -26.03     0.093
  -27.93   -28.30   -14.56       -27.94   -28.35   -14.53     0.060
   23.43     6.75   -30.20        23.42     6.75   -30.23     0.032
  -43.35    -7.99   -29.19       -43.36    -7.99   -29.19     0.005
  -27.55   -28.90   -37.30       -27.56   -28.94   -37.31     0.042
  -32.89   -17.57   -44.25       -32.91   -17.61   -44.33     0.084
  -38.08     3.33   -21.42       -38.11     3.35   -21.41     0.036
  -39.83   -18.47   -16.56       -39.82   -18.47   -16.56     0.014
  -37.14   -10.89   -43.07       -37.20   -10.88   -43.12     0.077
   14.75    17.69   -30.79        14.75    17.69   -30.80     0.008
  -37.46   -11.44   -10.41       -37.46   -11.44   -10.41     0.007
   30.22    19.47   -18.64        30.28    19.50   -18.66     0.072
  -29.76     4.95   -40.18       -29.74     4.93   -40.15     0.043
   -7.56     5.57   -31.20        -7.61     5.54   -31.20     0.051
   40.35     2.72    -4.41        40.34     2.73    -4.41     0.016
   -3.88    -6.12    32.60        -3.84    -6.06    32.58     0.075
   16.08    19.10    53.46        16.05    19.06    53.45     0.052
  -38.58    -3.65   -13.79       -38.52    -3.68   -13.84     0.084
   25.65   -14.06   -14.82        25.60   -13.99   -14.83     0.092
   13.91    -5.34    60.03        13.86    -5.27    60.03     0.084
   13.29   -10.80     7.99        13.29   -10.80     8.00     0.008
   -9.37     5.93    26.57        -9.47     5.89    26.59     0.107
  -40.23   -16.99   -16.26       -40.26   -17.00   -16.24     0.036
   -8.26   -19.42   -43.38        -8.29   -19.41   -43.33     0.057
   -4.15    -4.77    34.51        -4.19    -4.81    34.51     0.051
   -1.44   -13.67   -36.56        -1.38   -13.67   -36.59     0.067
   30.91    -9.73   -14.43        30.94    -9.75   -14.43     0.042
  -24.78     8.21   -16.82       -24.79     8.16   -16.87     0.071
   29.21   -11.05   -12.68        29.19   -11.02   -12.69     0.037
  -37.07     2.13   -36.91       -36.96     2.03   -36.87     0.158
    3.71    -7.01    42.24         3.71    -6.96    42.24     0.051
  -21.44   -12.65   -49.00       -21.44   -12.63   -49.00     0.017
   -6.39     1.12    41.52        -6.41     1.12    41.52     0.015
   14.99    25.31    12.71        14.98    25.26    12.69     0.061
  -28.67   -31.46   -26.76       -28.66   -31.44   -26.76     0.028
   -4.11    17.54    10.11        -4.01    17.47    10.20     0.148
   22.05    -5.54    19.49        22.07    -5.60    19.50     0.065
  -14.26    22.35    25.08       -14.34    22.45    25.08     0.130
  -26.03     0.07   -45.77       -26.03     0.06   -45.76     0.009
   -5.40     8.20    62.60        -5.38     8.18    62.55     0.059
   23.43     6.78    45.73        23.27     6.78    45.70     0.168
    6.55    24.99     8.40         6.52    25.10     8.41     0.121
  -15.05     3.43    -4.74       -15.07     3.45    -4.74     0.031
  -10.43     6.04   -36.89       -10.38     6.11   -36.93     0.092
    5.95    23.71    21.93         5.95    23.76    21.94     0.050
   -6.61     4.21    59.84        -6.75     4.16    59.85     0.141
  -10.47   -26.02   -39.06       -10.50   -25.98   -39.03     0.061
   -0.54     0.23   -25.19        -0.51     0.25   -25.22     0.054
  -19.37    10.10   -36.06       -19.38    10.14   -36.08     0.040
   36.98    10.44     8.13        36.94    10.43     8.10     0.045
   -7.18    10.84    42.91        -7.00    10.84    42.84     0.197
    8.28    23.54    23.67         8.28    23.59    23.68     0.054
  -22.35     0.98   -45.65       -22.34     1.01   -45.68     0.039
  -15.76     7.60   -39.43       -15.76     7.63   -39.44     0.031
   23.12    16.27    31.34        23.04    16.23    31.33     0.096
  -28.33     7.09   -38.03       -28.33     7.10   -38.03     0.015
  -25.12   -22.03    -7.54       -25.12   -22.03    -7.55     0.013
    0.89    10.44    -8.88         0.86    10.54    -8.92     0.103
   22.28    20.53    22.72        22.22    20.46    22.69     0.098
   25.92    -9.34     2.96        25.92    -9.33     2.95     0.018
  -42.46   -13.82   -19.42       -42.40   -13.81   -19.44     0.069
   -9.61   -18.57   -44.47        -9.62   -18.56   -44.46     0.008
    3.93   -12.45     4.94         3.93   -12.44     4.94     0.007
   25.73    -1.15    26.06        25.77    -1.19    26.08     0.050
   21.14    16.42    39.63        21.15    16.42    39.63     0.004
  -30.00   -30.17   -21.18       -30.03   -30.24   -21.17     0.076
    7.41    -3.85    63.39         7.41    -3.84    63.41     0.014
  -35.14   -13.93    -8.62       -35.14   -13.93    -8.62     0.002
   28.40    -8.49     3.55        28.46    -8.63     3.60     0.160
  -29.43   -30.95   -30.30       -29.39   -30.85   -30.28     0.112
  -32.25     3.90   -39.33       -32.23     3.89   -39.31     0.034
   26.24    17.83    18.03        26.25    17.84    18.03     0.017
   29.79    15.01    14.92        29.73    14.98    14.87     0.084
   23.10    11.71    43.54        23.03    11.70    43.53     0.072
   -0.44    17.60    53.86        -0.39    17.52    53.86     0.089
   -4.36   -26.27   -26.19        -4.45   -26.15   -26.17     0.154
  -19.91   -15.05   -48.65       -19.92   -15.03   -48.61     0.046
   38.85    10.00     2.58        38.93    10.05     2.58     0.103
    0.97    -5.43   -27.20         0.91    -5.47   -27.15     0.084
   -6.28     9.29    59.49        -6.48     9.35    59.48     0.205
  -11.92     8.20   -35.26       -11.93     8.16   -35.24     0.046
   15.86    21.20   -29.72        15.85    21.22   -29.75     0.032
   24.54     6.47   -30.41        24.54     6.48   -30.35     0.060
   -0.06    12.40    -3.37        -0.12    12.55    -3.43     0.174
   12.82    20.54    57.44        12.82    20.50    57.44     0.043
   -7.78     7.69    38.19        -7.56     7.73    38.19     0.223
   10.56     7.32    63.01        10.56     7.32    62.94     0.074
   20.63    10.73    61.90        20.53    10.70    61.87     0.102
  -27.91    -4.57   -47.57       -27.89    -4.59   -47.53     0.058
   17.83    -2.95    52.04        17.88    -3.00    52.05     0.065
  -39.85   -16.81   -34.54       -39.82   -16.82   -34.54     0.032
  -15.62   -21.00    -8.41       -15.59   -21.06    -8.34     0.099
   -7.50     3.40    32.23        -7.44     3.41    32.22     0.057
   31.60    19.40   -10.23        31.63    19.43   -10.23     0.049
   29.21    16.76    14.14        29.19    16.74    14.13     0.027
  -25.59   -27.47   -12.35       -25.59   -27.43   -12.38     0.049
  -26.42   -13.77    -6.21       -26.42   -13.75    -6.24     0.039
   19.58    -8.38   -23.03        19.57    -8.40   -23.05     0.037
  -39.97     1.97   -27.70       -39.90     1.93   -27.69     0.084
  -10.51   -23.44   -41.74       -10.47   -23.51   -41.81     0.103
   12.05    17.24   -22.25        12.07    17.25   -22.25     0.022
  -25.90   -27.57   -12.41       -25.89   -27.48   -12.47     0.115
  -26.00     7.86   -37.97       -26.01     7.90   -38.00     0.047
  -24.51     9.71   -35.56       -24.55     9.80   -35.59     0.103
    0.51   -18.90   -12.71         0.51   -18.92   -12.71     0.022
   28.74    18.08   -22.75        28.73    18.07   -22.74     0.021
   -5.72   -19.84   -10.34        -5.71   -19.87   -10.30     0.049
   -9.32     8.07   -12.56        -9.32     8.07   -12.56     0.006
   20.53    -6.68   -23.97        20.53    -6.68   -23.97     0.001
  -16.96   -32.35   -26.81       -16.96   -32.34   -26.81     0.012
   22.35    10.86    48.30        22.46    10.90    48.32     0.116
   -6.21     3.33   -32.29        -6.37     3.27   -32.29     0.173
   -6.32    10.35     2.24        -6.33    10.36     2.24     0.008
  -38.02   -17.02   -39.91       -38.11   -17.07   -39.99     0.133
    1.69    18.65    51.87         1.69    18.65    51.87     0.000
   21.44     1.83    50.88        21.49     1.81    50.89     0.063
   11.83    26.21    10.48        11.84    26.19    10.48     0.029
    6.92    -6.75    40.82         6.92    -6.79    40.82     0.046
   11.52    26.94     1.34        11.53    26.92     1.34     0.022
  -39.15    -0.54   -36.09       -39.12    -0.56   -36.08     0.035
   36.74     7.27   -15.16        36.71     7.27   -15.16     0.028
   17.34    21.55    35.57        17.32    21.51    35.57     0.045
   38.87     2.67     7.71        38.84     2.68     7.70     0.034
  -24.51   -18.46    -6.47       -24.50   -18.46    -6.48     0.005
   11.24    21.52    45.18        11.25    21.48    45.18     0.040
  -27.51    10.72   -21.28       -27.46    10.58   -21.32     0.162
  -20.13   -14.69   -47.94       -20.16   -14.70   -47.94     0.030
   14.32    -6.42    25.11        14.34    -6.56    25.13     0.140
   31.54     1.66   -26.18        31.58     1.66   -26.21     0.053
  -10.53    -7.20     8.06       -10.47    -7.13     8.02     0.097
  -12.04   -17.88    -6.98       -12.04   -17.89    -6.97     0.015
   29.67    -9.14    -1.01        29.75    -9.25    -1.00     0.130
  -15.51    20.33    24.59       -15.69    20.44    24.54     0.221
   -1.73     1.20   -26.10        -1.72     1.20   -26.10     0.005
   15.84    11.89   -27.66        15.86    11.90   -27.66     0.019
   -7.14     4.92    58.34        -7.09     4.92    58.34     0.052
  -20.72   -13.03    -4.89       -20.72   -13.03    -4.89     0.005
   23.60    20.36    18.64        23.68    20.43    18.68     0.118
   31.10    15.70    12.40        31.16    15.76    12.44     0.088
   30.75     7.03    18.33        30.64     7.02    18.27     0.122
  -25.28   -30.51   -35.50       -25.27   -30.50   -35.50     0.014
  -16.29    11.06   -32.81       -16.32    10.97   -32.79     0.095
   -7.27   -21.98   -11.85        -7.29   -21.94   -11.87     0.054
   36.75    -2.36     2.91        36.75    -2.37     2.91     0.010
  -22.92    -0.62    -9.35       -22.94    -0.60    -9.33     0.039
   -9.51   -28.74   -32.88        -9.61   -28.60   -32.86     0.167
   11.36    12.39    63.10        11.36    12.39    63.13     0.034
  -13.70    22.31    21.50       -13.65    22.28    21.53     0.060
  -26.87     9.19   -35.27       -26.88     9.20   -35.28     0.021
   14.02     9.83    63.15        14.02     9.83    63.15     0.002
  -27.19    11.23   -24.71       -27.21    11.28   -24.71     0.060
  -29.59   -24.40   -42.09       -29.58   -24.38   -42.07     0.028
  -30.47   -23.88   -42.05       -30.48   -23.89   -42.07     0.023
  -10.80    18.49    37.07       -10.77    18.47    37.04     0.054
  -13.70   -31.18   -29.10       -13.68   -31.26   -29.11     0.086
   14.65   -14.00   -16.62        14.65   -13.98   -16.61     0.023
   -9.88   -18.62   -44.68        -9.90   -18.61   -44.65     0.031
   28.61    20.58   -20.50        28.56    20.53   -20.48     0.068
   36.41     4.35   -16.48        36.44     4.35   -16.49     0.033
   -6.73     2.55    57.62        -6.73     2.55    57.62     0.005
  -24.07   -15.41    -6.08       -24.07   -15.41    -6.10     0.024
  -22.67   -11.56   -49.31       -22.68   -11.58   -49.35     0.041
   37.57    12.00     3.88        37.67    12.06     3.88     0.117
    7.33    23.91    21.38         7.33    23.90    21.37     0.010
   30.72     1.03   -27.51        30.76     1.03   -27.53     0.051
   -7.32    24.30    30.81        -7.31    24.22    30.80     0.085
   27.83    22.51     1.55        27.84    22.53     1.55     0.021
   21.56    24.05   -23.13        21.61    24.11   -23.17     0.092
   -6.89    18.59    13.23        -6.86    18.56    13.28     0.068
   16.29    -5.15    42.13        16.31    -5.22    42.14     0.076
   -7.48    21.38    36.45        -7.50    21.44    36.49     0.075
   -6.97     6.86   -25.15        -6.98     6.84   -25.14     0.019
   -2.89    23.99    18.86        -2.89    23.81    18.90     0.184
   -8.49    24.30    22.07        -8.49    24.47    22.02     0.173
    0.40    20.23    42.62         0.43    20.15    42.60     0.091
   35.32    -3.49     0.58        35.39    -3.56     0.57     0.102
   18.84    26.09   -10.12        18.84    25.98   -10.10     0.111
  -14.88    15.14    31.72       -14.97    15.11    31.78     0.113
   -5.68   -24.59   -34.71        -5.68   -24.60   -34.72     0.009
   -6.33   -27.26   -25.01        -6.31   -27.29   -25.01     0.038
   25.54    23.74   -16.28        25.52    23.71   -16.28     0.034
  -18.71   -17.89    -6.26       -18.70   -17.87    -6.30     0.052
  -15.96     7.54   -39.81       -15.97     7.47   -39.76     0.079
   -9.33   -29.18   -24.65        -9.29   -29.24   -24.63     0.079
  -25.69   -23.10   -44.29       -25.68   -23.07   -44.26     0.038
