75 PA4-A-Debug-Answer.txt 0
   -5.39    11.98    53.54        -5.39    11.98    53.54     0.000
   20.22    25.78   -11.33        20.22    25.78   -11.33     0.000
    5.44    24.27     6.77         5.44    24.27     6.77     0.000
    3.75    -3.66   -24.38         3.75    -3.66   -24.38     0.000
   -5.62    11.42    58.63        -5.62    11.42    58.63     0.000
   13.44    27.51     1.99        13.44    27.51     1.99     0.000
   17.83   -15.10   -16.22        17.83   -15.10   -16.22     0.000
  -21.87     3.97   -43.25       -21.87     3.97   -43.25     0.000
   36.69    -1.40     9.01        36.69    -1.40     9.01     0.000
   -4.32    -8.36    21.74        -4.32    -8.36    21.74     0.000
   36.96     2.03   -15.45        36.96     2.03   -15.45     0.000
  -19.25   -18.22   -47.54       -19.25   -18.22   -47.54     0.000
  -21.16   -23.59    -8.68       -21.16   -23.59    -8.68     0.000
   11.52    26.76     4.67        11.52    26.76     4.67     0.000
   11.36    -6.35    34.05        11.36    -6.35    34.05     0.000
  -44.03    -9.47   -26.15       -44.03    -9.47   -26.15     0.000
   15.34    -5.39    44.41        15.34    -5.39    44.41     0.000
    4.06     3.43    63.48         4.06     3.43    63.48     0.000
   -6.69     3.47    46.95        -6.69     3.47    46.95     0.000
   32.65    -6.74    -4.55        32.65    -6.74    -4.55     0.000
   -9.23   -28.31   -33.13        -9.23   -28.31   -33.13     0.000
    2.02     0.31   -23.60         2.02     0.31   -23.60     0.000
   18.73    -4.51    34.50        18.73    -4.51    34.50     0.000
    7.22    17.43    -6.80         7.22    17.43    -6.80     0.000
    1.26    -6.94    62.45         1.26    -6.94    62.45     0.000
   -9.81    -0.84    17.91        -9.81    -0.84    17.91     0.000
   12.26   -16.97    -7.93        12.26   -16.97    -7.93     0.000
  -42.59    -4.01   -30.58       -42.59    -4.01   -30.58     0.000
  -16.38    17.90    24.50       -16.38    17.90    24.50     0.000
   -8.57     1.38   -40.43        -8.57     1.38   -40.43     0.000
  -12.53     2.42    10.90       -12.53     2.42    10.90     0.000
   -6.94    -8.19    13.50        -6.94    -8.19    13.50     0.000
  -12.37   -23.39   -10.89       -12.37   -23.39   -10.89     0.000
  -32.23   -13.13   -46.49       -32.23   -13.13   -46.49     0.000
  -10.90     2.65    17.78       -10.90     2.65    17.78     0.000
  -30.91     5.55   -38.91       -30.91     5.55   -38.91     0.000
   31.08    19.99     0.63        31.08    19.99     0.63     0.000
   -8.15     5.72    31.10        -8.15     5.72    31.10     0.000
  -14.30    20.62    31.15       -14.30    20.62    31.15     0.000
   -0.45    21.64    35.92        -0.45    21.64    35.92     0.000
    6.48   -14.96   -18.85         6.48   -14.96   -18.85     0.000
   -4.31     8.02   -17.60        -4.31     8.02   -17.60     0.000
   11.01    24.24    -7.08        11.01    24.24    -7.08     0.000
   13.53    -2.22    63.09        13.53    -2.22    63.09     0.000
    5.40    18.33    -3.17         5.40    18.33    -3.17     0.000
   20.63    13.23    56.08        20.63    13.23    56.08     0.000
   11.90    12.50    63.12        11.90    12.50    63.12     0.000
   30.49    -6.14   -24.27        30.49    -6.14   -24.27     0.000
   -0.26    -0.13   -25.20        -0.26    -0.13   -25.20     0.000
    1.87   -18.31   -20.46         1.87   -18.31   -20.46     0.000
    6.25    -7.06    33.50         6.25    -7.06    33.50     0.000
   38.50     3.35   -12.27        38.50     3.35   -12.27     0.000
   18.62    18.06    45.50        18.62    18.06    45.50     0.000
  -27.27   -20.37   -46.18       -27.27   -20.37   -46.18     0.000
   33.35    -5.62    -2.25        33.35    -5.62    -2.25     0.000
    2.96    -5.83   -25.49         2.96    -5.83   -25.49     0.000
  -13.80    -7.56     3.38       -13.80    -7.56     3.38     0.000
  -39.84     1.92   -29.21       -39.84     1.92   -29.21     0.000
   34.76    15.79   -10.97        34.76    15.79   -10.97     0.000
   23.89    14.04    32.87        23.89    14.04    32.87     0.000
    2.24    20.44    41.77         2.24    20.44    41.77     0.000
   -3.95    16.07     8.89        -3.95    16.07     8.89     0.000
   25.86    -0.06   -28.78        25.86    -0.06   -28.78     0.000
  -16.13    10.76   -33.30       -16.13    10.76   -33.30     0.000
    1.44    19.51    45.79         1.44    19.51    45.79     0.000
    1.73   -16.68   -25.09         1.73   -16.68   -25.09     0.000
   17.13    25.00   -22.77        17.13    25.00   -22.77     0.000
   15.89    21.62    38.83        15.89    21.62    38.83     0.000
    9.74    21.70    39.47         9.74    21.70    39.47     0.000
    4.00   -17.12   -10.05         4.00   -17.12   -10.05     0.000
    7.64    -7.15    53.02         7.64    -7.15    53.02     0.000
   12.15    18.18   -18.18        12.15    18.18   -18.18     0.000
   -1.67    -5.37    49.01        -1.67    -5.37    49.01     0.000
   29.98    14.69    14.76        29.98    14.69    14.76     0.000
   14.26    -8.25    14.24        14.26    -8.25    14.24     0.000
