200 PA4-F-Debug-Output.txt 0
   33.15    17.41   -12.24        33.14    17.42   -12.24     0.019
   -7.05     4.62    48.90        -6.89     4.64    48.91     0.161
  -16.29    16.20    22.31       -16.43    16.17    22.31     0.146
   22.52     7.37    51.47        22.42     7.37    51.45     0.101
   27.85    21.35   -19.36        27.92    21.49   -19.39     0.158
   16.04    25.73   -10.79        16.05    25.68   -10.78     0.053
   -1.61   -20.46   -33.77        -1.63   -20.43   -33.77     0.034
   -0.24   -18.04   -31.64        -0.23   -18.03   -31.64     0.010
    1.98     8.87   -14.81         1.98     8.74   -14.74     0.150
  -39.80   -16.41   -33.95       -39.79   -16.42   -33.95     0.010
   -2.80    -5.78   -37.78        -2.82    -5.78   -37.77     0.025
  -14.14   -26.62   -13.37       -14.10   -26.76   -13.31     0.152
   36.08    14.45     2.74        36.13    14.50     2.74     0.067
   21.56    -0.22    44.56        21.59    -0.23    44.56     0.035
   13.72    23.48   -15.78        13.72    23.48   -15.78     0.009
   -7.18   -24.27   -37.79        -7.22   -24.22   -37.75     0.080
  -24.81     9.62   -35.38       -24.86     9.73   -35.42     0.134
   19.40    22.68    19.48        19.38    22.67    19.48     0.018
    2.14    20.18    43.19         2.13    20.05    43.15     0.138
   24.11    18.29    23.75        24.01    18.23    23.72     0.124
   27.71    -6.08   -25.03        27.73    -6.11   -25.11     0.081
  -31.12   -30.35   -24.63       -31.06   -30.26   -24.64     0.107
    0.14   -13.54    -0.55         0.14   -13.53    -0.55     0.010
   39.77     5.10    -6.53        39.95     5.15    -6.58     0.195
  -34.52   -11.32   -45.71       -34.55   -11.32   -45.76     0.054
  -25.89   -31.52   -32.95       -25.89   -31.56   -32.97     0.043
  -29.82   -30.26   -31.77       -29.85   -30.34   -31.79     0.093
   -6.68     7.45    51.78        -6.84     7.48    51.79     0.165
   -5.75    16.22    11.23        -5.79    16.24    11.21     0.054
  -24.37    11.88   -28.09       -24.39    11.92   -28.09     0.043
  -39.75   -18.07   -34.56       -39.77   -18.09   -34.57     0.025
   35.75    14.25     6.81        35.72    14.24     6.80     0.027
   30.31    13.64   -25.16        30.27    13.63   -25.12     0.056
  -16.91   -25.28   -42.50       -16.88   -25.33   -42.57     0.097
    6.48    11.25    63.24         6.48    11.25    63.25     0.017
   24.25     2.83    38.03        24.12     2.86    38.01     0.136
  -15.01    19.26    20.80       -14.99    19.24    20.82     0.030
   24.66    24.50    -4.43        24.63    24.48    -4.42     0.032
   21.28   -12.30    -0.99        21.27   -12.26    -1.01     0.043
   27.02     0.59    25.30        26.94     0.62    25.27     0.090
   15.53    -5.41    38.27        15.54    -5.50    38.27     0.087
   -8.61     7.92    32.06        -8.70     7.85    32.10     0.121
   24.15    -5.72    15.64        24.17    -5.75    15.65     0.034
    4.84     7.32    63.32         4.84     7.32    63.35     0.032
   18.73    -5.83   -23.34        18.74    -5.82   -23.32     0.025
   -5.45    -1.94    57.68        -5.29    -1.84    57.68     0.194
   -0.17   -11.84   -32.64        -0.21   -11.85   -32.63     0.044
   -5.12    -5.51    28.06        -5.19    -5.58    28.07     0.097
    6.49    -5.92   -23.28         6.49    -5.91   -23.28     0.010
  -26.68     8.97   -17.09       -26.63     8.79   -17.19     0.210
  -10.62    10.00    31.44       -10.74     9.86    31.49     0.195
  -36.97    -2.28   -13.11       -37.02    -2.26   -13.06     0.071
   -7.56    20.75    15.61        -7.62    20.83    15.52     0.130
   -0.41    17.74    53.22        -0.34    17.62    53.21     0.142
    7.14    21.93    -3.20         7.11    21.95    -3.20     0.032
   14.95    -7.50    16.81        14.95    -7.50    16.81     0.004
  -28.31   -25.75   -11.21       -28.28   -25.74   -11.23     0.031
  -17.73     8.98   -18.20       -17.74     9.00   -18.19     0.020
   -6.88     6.72    52.21        -7.00     6.74    52.21     0.126
  -25.78    10.49   -19.68       -25.80    10.51   -19.66     0.026
  -15.23   -25.81   -41.86       -15.23   -25.78   -41.82     0.050
   11.71    -8.93    14.00        11.71    -8.90    13.99     0.032
   -7.54   -18.05    -7.20        -7.54   -18.09    -7.17     0.056
  -32.96   -11.02    -7.52       -33.00   -11.01    -7.44     0.086
  -10.33    15.35    37.17       -10.37    15.32    37.23     0.080
   -1.50   -19.49   -34.84        -1.50   -19.48   -34.84     0.010
   -0.99   -10.93   -35.33        -1.05   -10.93   -35.32     0.059
  -28.00   -28.76   -37.51       -27.98   -28.73   -37.50     0.033
  -28.97    -4.84   -47.25       -28.91    -4.90   -47.14     0.135
   -6.30   -21.06   -11.11        -6.33   -21.00   -11.15     0.078
  -36.12   -13.11   -44.65       -35.98   -13.07   -44.54     0.190
   22.20     4.20    50.07        22.32     4.18    50.09     0.126
  -15.22   -24.94   -11.02       -15.21   -24.94   -11.03     0.011
   -5.58    10.98     2.58        -5.64    11.04     2.56     0.088
  -22.64     2.65   -44.30       -22.64     2.68   -44.34     0.051
   -6.70    24.71    22.03        -6.70    24.52    22.08     0.199
   34.83    -3.85     8.30        34.98    -3.99     8.35     0.211
   -2.92   -20.47   -35.91        -2.95   -20.44   -35.89     0.050
   31.15    -7.89    -7.85        31.13    -7.87    -7.85     0.030
  -18.56   -15.18    -5.20       -18.55   -15.17    -5.25     0.045
   -5.00    -2.04    56.57        -5.09    -2.11    56.57     0.117
   22.17     3.96    49.83        22.31     3.94    49.84     0.141
   35.90     0.49    10.95        35.94     0.50    10.99     0.062
   26.89     0.43   -29.36        26.89     0.44   -29.37     0.017
   12.70    17.18   -29.36        12.70    17.19   -29.35     0.017
   12.71   -17.11    -7.81        12.70   -17.13    -7.81     0.030
   23.09    20.47    19.43        23.17    20.56    19.48     0.130
   -2.38     0.76   -27.13        -2.34     0.79   -27.15     0.050
   12.09   -13.22     4.03        12.11   -13.28     4.07     0.077
   -3.52   -25.26   -24.95        -3.47   -25.30   -24.94     0.065
  -42.91    -3.36   -25.28       -42.95    -3.36   -25.27     0.048
  -12.52   -25.31   -41.54       -12.58   -25.19   -41.42     0.174
  -41.68   -12.93   -17.07       -41.69   -12.94   -17.06     0.017
  -27.87     9.67   -32.97       -27.86     9.63   -32.95     0.037
    0.26   -18.33   -10.82         0.30   -18.49   -10.77     0.172
  -14.02   -26.79   -13.38       -14.02   -26.77   -13.39     0.022
   27.38     6.83    26.33        27.49     6.85    26.36     0.114
   -8.26   -19.44    -8.71        -8.24   -19.49    -8.69     0.053
   29.32     8.20    20.55        29.36     8.22    20.57     0.044
   27.44    -3.35    18.20        27.45    -3.35    18.20     0.007
    6.10    21.46    36.77         6.09    21.44    36.77     0.017
   -9.82    13.49    13.65        -9.89    13.49    13.62     0.071
  -26.30     2.51   -43.82       -26.30     2.51   -43.82     0.007
  -32.56    -6.27   -45.58       -32.59    -6.25   -45.63     0.064
    6.97   -15.37    -3.50         6.99   -15.25    -3.55     0.131
   28.17    18.90   -22.59        28.18    18.93   -22.60     0.037
   18.25    23.68    18.00        18.17    23.47    17.96     0.229
  -38.27    -7.82   -41.42       -38.27    -7.83   -41.42     0.009
  -33.02     8.32   -23.31       -33.05     8.35   -23.30     0.044
   26.89    -8.77     4.73        26.89    -8.69     4.70     0.088
  -27.22    10.28   -31.72       -27.22    10.25   -31.71     0.031
    0.93    18.97    47.80         0.92    19.11    47.84     0.151
   32.82    17.64     6.65        32.80    17.64     6.64     0.023
   27.60     1.02    23.99        27.57     1.04    23.97     0.037
   20.10    15.55    47.82        20.12    15.57    47.83     0.023
   -0.09    21.23    37.01        -0.08    21.36    37.04     0.135
    9.04    20.42    -8.93         9.11    20.40    -8.87     0.089
   -7.37    22.51    17.56        -7.38    22.50    17.57     0.018
   31.72     0.49    15.54        31.80     0.47    15.60     0.099
   12.10    21.71    45.10        12.09    21.73    45.10     0.028
   30.31    -8.99    -6.11        30.38    -9.04    -6.13     0.089
  -25.06     8.56   -17.16       -25.07     8.55   -17.17     0.023
   10.59    22.22    33.06        10.58    22.30    33.08     0.085
   -6.88     8.00    52.08        -6.72     7.96    52.08     0.175
  -22.78   -21.89    -7.53       -22.77   -21.87    -7.58     0.057
  -32.61     5.41   -37.75       -32.55     5.28   -37.69     0.155
   -4.51    -9.35    16.20        -4.46    -9.24    16.19     0.121
  -24.01    12.08   -28.30       -23.99    11.98   -28.28     0.104
   -6.45     1.51    51.30        -6.48     1.50    51.30     0.032
   -5.14     0.03   -35.85        -5.04     0.09   -35.87     0.120
   -4.44    -9.67   -41.75        -4.42    -9.67   -41.77     0.029
   26.83    10.92    25.67        26.91    10.95    25.70     0.088
    8.59   -13.59     3.10         8.59   -13.60     3.10     0.014
  -22.10   -32.53   -24.58       -22.09   -32.67   -24.57     0.135
    2.06   -17.73   -23.02         2.03   -17.70   -23.01     0.039
   40.18     4.69    -0.90        40.07     4.72    -0.91     0.114
  -21.81   -29.65   -14.99       -21.80   -29.62   -15.01     0.038
   26.31    -6.58    11.60        26.31    -6.54    11.59     0.037
  -39.43     2.04   -30.57       -39.47     2.06   -30.58     0.045
  -43.13    -6.10   -29.68       -43.19    -6.11   -29.69     0.055
    3.59    24.26    15.43         3.53    24.40    15.40     0.151
   -3.12    -7.98   -39.82        -3.12    -7.98   -39.82     0.012
  -29.11     5.66   -39.63       -29.13     5.70   -39.65     0.053
  -30.39   -29.05   -34.50       -30.43   -29.14   -34.54     0.112
  -43.24    -5.85   -29.65       -43.20    -5.86   -29.63     0.040
    1.39   -18.96   -15.74         1.36   -18.91   -15.77     0.059
  -41.51   -15.23   -17.66       -41.44   -15.22   -17.70     0.080
  -41.12    -1.04   -20.81       -41.21    -1.00   -20.81     0.096
   11.76    -6.36    57.32        11.76    -6.35    57.32     0.006
   35.95    -0.08    11.00        35.90    -0.05    10.96     0.070
   -3.93   -16.99   -39.74        -3.90   -17.00   -39.77     0.038
  -11.52   -23.45   -42.53       -11.53   -23.42   -42.51     0.027
   32.34    -6.78     1.09        32.35    -6.79     1.09     0.015
  -17.47    10.41   -35.68       -17.48    10.43   -35.68     0.022
  -40.08   -16.87   -32.63       -40.12   -16.88   -32.65     0.044
   -6.98    -9.62     8.66        -6.97    -9.60     8.66     0.017
  -14.33   -23.00   -43.79       -14.32   -23.03   -43.89     0.105
  -41.21   -18.98   -21.18       -41.21   -18.99   -21.18     0.012
  -42.19    -2.56   -22.65       -42.21    -2.56   -22.64     0.024
   19.94   -16.75    -6.74        19.95   -16.74    -6.75     0.012
    6.02    22.25    31.03         6.00    22.37    31.07     0.125
  -11.38     6.61    18.06       -11.50     6.58    18.05     0.127
   33.31    -3.37   -22.83        33.35    -3.37   -22.87     0.054
  -22.65     5.80   -41.38       -22.65     5.88   -41.46     0.108
  -33.91     7.69   -29.18       -33.91     7.68   -29.17     0.012
  -42.85   -14.36   -21.23       -42.80   -14.36   -21.24     0.053
  -19.16   -32.58   -25.67       -19.16   -32.52   -25.67     0.063
    7.04   -14.43   -19.55         6.93   -14.29   -19.50     0.186
    1.99    -7.28   -26.49         2.03    -7.27   -26.53     0.053
  -40.40   -17.71   -32.03       -40.45   -17.72   -32.04     0.057
  -13.51   -31.07   -29.44       -13.48   -31.14   -29.46     0.085
    3.44   -15.21    -4.74         3.44   -15.39    -4.67     0.197
  -23.43   -11.32    -5.13       -23.42   -11.32    -5.16     0.025
   -3.18    10.71    -3.56        -3.21    10.75    -3.57     0.054
  -10.03     7.16    -6.66       -10.03     7.17    -6.66     0.014
   21.43    14.23    45.42        21.44    14.24    45.43     0.017
  -24.59    11.19   -21.99       -24.67    11.40   -21.98     0.218
   -8.69   -27.79   -34.01        -8.72   -27.74   -33.98     0.070
  -31.30     5.54   -38.59       -31.30     5.54   -38.58     0.010
   30.61    20.37    -6.09        30.61    20.40    -6.08     0.031
  -17.53    -9.00   -48.58       -17.53    -8.99   -48.59     0.020
  -41.94   -14.15   -18.30       -41.96   -14.17   -18.29     0.028
  -26.44     8.43   -36.82       -26.47     8.49   -36.84     0.076
  -15.23    19.85    21.78       -15.17    19.81    21.82     0.081
   23.37    20.06    20.48        23.30    20.00    20.47     0.086
  -22.16     8.57   -38.07       -22.16     8.55   -38.05     0.026
   20.80     5.05    61.84        20.79     5.05    61.83     0.016
   28.77   -10.75   -10.41        28.75   -10.72   -10.41     0.033
   30.89     7.43    17.76        30.88     7.44    17.76     0.017
   24.20   -13.22    -4.63        24.23   -13.27    -4.62     0.068
  -37.58    -4.11   -12.12       -37.48    -4.18   -12.22     0.155
    9.96     3.52    62.97         9.96     3.52    63.01     0.041
  -32.83    -1.12   -43.32       -32.82    -1.15   -43.27     0.057
   18.23    -4.12    40.39        18.18    -4.04    40.39     0.099
   -2.26     2.33    63.32        -2.26     2.31    63.35     0.029
   20.68    12.60    56.62        20.80    12.65    56.62     0.131
   -7.86     4.04    30.56        -7.88     4.04    30.57     0.018
  -14.04   -31.51   -28.87       -14.06   -31.42   -28.86     0.097
   11.38   -15.72   -13.25        11.38   -15.48   -13.15     0.264
   22.07   -15.66   -14.77        22.08   -15.66   -14.77     0.007
