400 PA5-F-Debug-Answer.txt 6
   12.3131 -171.1194 -106.8129   90.7754   35.1780  108.0581
  -10.55    10.29   -22.30       -10.52    10.35   -22.27     0.076
  -10.88    17.76    50.74       -10.86    17.74    50.73     0.032
  -11.58    18.45    10.88       -11.57    18.44    10.89     0.016
   -0.36   -11.21    44.64        -0.35   -11.13    44.64     0.084
   -6.13   -21.61   -12.85        -6.08   -21.61   -12.82     0.057
  -11.40    11.02   -25.43       -11.40    11.05   -25.43     0.023
   40.61    -5.90    -3.31        40.50    -5.80    -3.32     0.147
  -23.83   -29.73   -18.28       -23.83   -29.73   -18.28     0.001
   12.27   -18.45   -14.75        12.25   -18.49   -14.76     0.049
  -25.93    -0.40    -9.47       -25.92    -0.37    -9.44     0.047
  -27.22    -9.73    -3.08       -27.22    -9.73    -3.09     0.012
  -13.92     9.30   -13.94       -13.99     9.47   -13.96     0.181
   23.45    -7.57    20.23        23.49    -7.64    20.25     0.080
  -21.09     0.22    -4.84       -21.06     0.21    -4.85     0.035
   30.83   -11.40     8.04        30.83   -11.42     8.05     0.017
   -8.76   -27.88   -27.91        -8.77   -27.86   -27.90     0.020
  -14.61     7.29    33.56       -14.64     7.23    33.58     0.067
  -35.51   -12.25   -28.42       -35.52   -12.24   -28.42     0.016
  -18.83    19.58    23.72       -18.76    19.54    23.72     0.078
   19.85    -8.26    24.12        19.82    -8.17    24.09     0.101
  -18.86    12.43    19.15       -18.85    12.43    19.15     0.013
   41.80    13.15     6.04        41.79    13.14     6.04     0.009
   39.32    -7.38     2.10        39.26    -7.32     2.13     0.089
   32.21    22.76   -16.32        32.17    22.72   -16.30     0.061
    0.94   -10.60    52.86         0.94   -10.57    52.86     0.031
    3.94    21.88    33.41         3.94    21.89    33.41     0.016
   -5.29    -3.18    59.64        -5.28    -3.18    59.68     0.039
  -35.69   -21.37   -12.67       -35.72   -21.42   -12.66     0.054
  -20.94    -9.30   -42.19       -20.88    -9.26   -42.09     0.123
  -11.80    19.61    13.28       -11.85    19.64    13.27     0.058
  -14.80   -10.03   -43.25       -14.79   -10.04   -43.31     0.062
   -9.90    21.29    11.08        -9.86    21.26    11.13     0.071
    5.21    -8.63    60.11         5.21    -8.63    60.11     0.001
  -20.83     9.44   -32.51       -20.81     9.39   -32.47     0.070
  -15.66    -4.57    13.18       -15.46    -4.46    13.12     0.225
   -3.18   -10.47    51.62        -3.15   -10.31    51.61     0.161
  -12.38    10.84    47.22       -12.45    10.80    47.23     0.085
  -16.68     8.79   -33.48       -16.66     8.83   -33.51     0.051
   -2.46   -15.63   -37.89        -2.56   -15.63   -37.86     0.112
   46.21     1.30     0.69        46.15     1.31     0.70     0.057
   -1.79   -10.67    27.03        -1.79   -10.66    27.03     0.015
   25.16    26.24   -17.85        25.16    26.26   -17.85     0.018
   23.89    17.06    34.24        23.87    17.05    34.24     0.019
  -19.15    -0.83     4.14       -19.21    -0.83     4.15     0.058
   44.81    -0.66   -11.51        44.72    -0.67   -11.49     0.098
  -24.65    -5.05    -4.04       -24.66    -5.04    -4.04     0.011
   10.21   -12.86     5.60        10.21   -12.81     5.59     0.052
    8.68    -8.95    58.45         8.62    -8.84    58.41     0.136
   11.75    16.71   -26.94        11.76    16.71   -26.95     0.011
   34.38    21.39    -7.68        34.47    21.47    -7.68     0.121
   21.10    -1.68    43.00        21.00    -1.64    42.97     0.111
   -8.84    18.68    50.88        -8.75    18.59    50.87     0.129
   29.91   -15.88    -3.91        29.87   -15.85    -3.91     0.051
  -16.98    11.14   -18.56       -16.95    11.23   -18.52     0.101
  -39.78   -14.51   -17.93       -39.86   -14.58   -17.91     0.112
   -5.21    -9.05    54.55        -5.25    -9.15    54.55     0.106
   11.17    -1.32    58.78        11.16    -1.31    58.76     0.020
    7.10    24.11   -14.00         7.16    24.04   -13.96     0.097
    5.37    -2.23   -25.60         5.38    -2.22   -25.62     0.022
   37.67    18.92     8.35        37.67    18.92     8.35     0.005
  -38.30    -2.72   -26.54       -38.31    -2.71   -26.55     0.019
  -11.52    13.01    58.06       -11.49    12.99    58.05     0.044
  -24.25   -17.71    -3.59       -24.18   -17.66    -3.66     0.116
  -12.01    23.10    22.99       -11.97    22.98    23.00     0.123
   -2.98    -6.02   -41.42        -2.97    -6.02   -41.43     0.014
  -17.26     5.70    15.01       -17.24     5.70    15.01     0.018
    8.54    20.94    35.51         8.54    20.92    35.51     0.022
   -4.03   -19.69   -17.57        -4.19   -19.66   -17.59     0.163
   14.46     6.30   -19.98        14.44     6.36   -20.05     0.096
  -36.77   -12.78   -23.15       -36.77   -12.78   -23.15     0.004
  -10.08    22.57    32.96       -10.11    22.65    32.97     0.080
    8.10    20.76    59.16         8.09    20.78    59.17     0.028
   13.02    13.11   -23.88        13.00    13.11   -23.87     0.025
  -10.12    -2.88    41.59       -10.10    -2.88    41.59     0.019
   22.53   -13.13   -25.45        22.56   -13.12   -25.42     0.045
  -32.70     1.94    -9.87       -32.73     1.88    -9.92     0.087
   12.45   -18.93   -11.84        12.44   -18.94   -11.84     0.011
   39.94    14.72    -3.06        39.83    14.64    -3.06     0.136
   10.89    20.70   -25.61        10.83    20.72   -25.62     0.065
   17.65    19.59    49.36        17.79    19.76    49.39     0.218
  -31.48   -26.03   -14.53       -31.49   -26.05   -14.53     0.024
  -26.78   -28.59   -25.72       -26.74   -28.51   -25.71     0.090
   26.41     5.18    32.67        26.44     5.17    32.68     0.034
  -28.78   -27.62   -15.64       -28.82   -27.70   -15.63     0.088
  -35.86     3.61   -21.62       -35.83     3.58   -21.62     0.043
  -32.39   -13.45   -37.32       -32.42   -13.47   -37.38     0.077
    8.50   -10.02    35.44         8.50   -10.06    35.44     0.039
    1.21   -12.48   -33.89         1.28   -12.48   -33.91     0.076
  -38.85    -9.85   -21.44       -38.84    -9.85   -21.43     0.008
   -1.80    21.55    49.94        -1.81    21.64    49.96     0.100
   35.78    14.21   -21.62        35.74    14.18   -21.60     0.052
  -12.04    -0.86   -40.47       -12.03    -0.85   -40.50     0.029
   -5.75   -22.48   -34.86        -5.83   -22.41   -34.80     0.122
   31.68   -11.22   -24.53        31.60   -11.14   -24.49     0.117
    5.48   -11.69   -25.02         5.48   -11.70   -25.03     0.015
  -27.31   -27.70   -28.44       -27.29   -27.65   -28.42     0.058
  -18.48    11.32   -28.29       -18.48    11.33   -28.30     0.015
   23.84   -18.49    -6.34        23.85   -18.41    -6.41     0.113
  -16.38    12.74   -22.37       -16.38    12.74   -22.37     0.001
   20.94    -3.73    37.78        21.06    -3.89    37.84     0.211
   15.72    21.80    17.98        15.72    21.78    17.97     0.022
  -23.06   -28.97   -14.46       -23.04   -28.92   -14.49     0.059
  -38.29    -6.91   -23.74       -38.29    -6.91   -23.74     0.007
    1.32    23.92    -3.45         1.26    23.96    -3.48     0.080
   20.29    27.59   -12.44        20.28    27.51   -12.44     0.081
   -5.77    -9.06    53.32        -5.74    -9.00    53.32     0.063
  -37.39   -19.95   -12.95       -37.23   -19.90   -13.01     0.177
    5.18    21.61   -14.75         5.15    21.64   -14.76     0.046
   -9.47    10.74   -25.00        -9.51    10.58   -24.99     0.170
   40.75    13.07    -1.34        40.90    13.18    -1.35     0.185
  -22.21    11.54   -23.21       -22.19    11.61   -23.20     0.070
  -17.00     4.24    14.60       -17.04     4.24    14.60     0.037
  -16.64   -29.34   -28.91       -16.64   -29.34   -28.91     0.000
  -13.54    -7.12   -42.91       -13.54    -7.11   -42.93     0.016
  -17.37    -1.66   -40.84       -17.34    -1.67   -40.79     0.054
  -29.74    -4.42    -4.61       -29.79    -4.50    -4.69     0.121
   15.57    21.58   -37.11        15.55    21.57   -37.06     0.063
  -32.09   -25.79   -14.98       -32.09   -25.78   -14.98     0.004
    4.50   -10.32    45.19         4.50   -10.35    45.19     0.023
   29.83    18.86   -28.41        29.80    18.84   -28.38     0.049
  -30.26    -9.65    -3.20       -30.27    -9.65    -3.15     0.044
    9.41   -12.26     7.49         9.41   -12.24     7.48     0.026
   24.01     9.97    46.35        23.99     9.97    46.35     0.019
   28.54    19.53    15.49        28.44    19.43    15.45     0.146
   -2.93   -21.48   -33.11        -2.91   -21.49   -33.12     0.026
    7.32    22.94    21.99         7.30    22.84    21.97     0.102
  -14.86     7.95    38.44       -14.86     7.96    38.44     0.015
  -22.74    -9.94    -0.78       -22.77    -9.98    -0.74     0.067
   18.23    -1.97    53.32        18.20    -1.95    53.31     0.040
   23.68    -7.72    20.44        23.60    -7.55    20.40     0.189
   38.65    17.17    12.62        38.71    17.25    12.64     0.104
   -1.01    -4.98   -35.50        -1.01    -4.98   -35.51     0.004
  -17.89     8.61    22.62       -17.90     8.55    22.60     0.067
  -15.77    14.94    14.97       -15.75    14.93    14.99     0.029
  -30.90     1.10   -34.62       -30.89     1.09   -34.61     0.019
   -9.88    10.37   -23.29        -9.84    10.41   -23.26     0.064
  -33.81     6.35   -20.91       -33.83     6.37   -20.91     0.023
   12.65    27.99    -6.75        12.68    28.09    -6.72     0.107
   31.54    -3.74    19.27        31.52    -3.72    19.26     0.027
    4.37   -15.46    -6.70         4.36   -15.54    -6.69     0.080
   -5.44   -20.70   -14.10        -5.43   -20.71   -14.09     0.012
   -7.19    -2.17   -39.82        -7.19    -2.18   -39.81     0.012
   26.18   -18.46    -6.95        26.19   -18.48    -6.94     0.017
    6.37    -3.59   -25.89         6.37    -3.59   -25.88     0.011
  -37.87    -8.65   -10.12       -37.80    -8.64   -10.16     0.077
  -18.79     5.20   -37.14       -18.79     5.18   -37.11     0.041
    8.34    22.89    20.30         8.36    22.97    20.32     0.082
    5.19   -11.90    11.94         5.18   -11.82    11.93     0.083
  -16.27    12.68   -22.04       -16.27    12.72   -22.04     0.037
   26.49    10.22    34.39        26.54    10.22    34.41     0.052
   39.50     3.45    14.03        39.45     3.45    13.98     0.072
  -20.00   -30.48   -25.24       -20.01   -30.49   -25.25     0.018
   16.47   -18.07    -3.26        16.47   -18.06    -3.26     0.006
   -6.55   -24.46   -32.36        -6.54   -24.47   -32.36     0.005
  -22.67    10.37   -28.93       -22.67    10.31   -28.90     0.060
   -9.23    18.10    51.28        -9.21    18.08    51.28     0.030
   -8.32    10.06   -26.31        -8.28    10.11   -26.28     0.078
   36.41    14.96    11.04        36.33    14.92    10.98     0.114
  -24.90    -6.66   -40.90       -24.90    -6.65   -40.94     0.035
   -8.33    -2.21    59.44        -8.37    -2.21    59.48     0.051
   32.32     5.65   -34.35        32.36     5.65   -34.37     0.046
   38.71    17.81    -2.11        38.71    17.81    -2.11     0.003
   -2.83    -9.23    59.70        -2.86    -9.31    59.74     0.096
   26.14   -17.64   -20.12        26.10   -17.57   -20.10     0.084
    8.86   -11.30    16.46         8.87   -11.37    16.47     0.066
  -20.31    10.77   -27.33       -20.34    10.91   -27.34     0.150
   -4.36    21.89     4.59        -4.39    21.91     4.58     0.042
    2.80   -12.15    13.64         2.77   -12.01    13.62     0.145
   34.62    -9.70     9.70        34.67    -9.86     9.78     0.182
   -4.64    -5.30    59.70        -4.64    -5.30    59.74     0.039
   -9.52    -8.13   -42.33        -9.54    -8.13   -42.30     0.036
  -18.63     8.93   -12.94       -18.63     8.93   -12.93     0.013
   29.54    24.33    -5.42        29.52    24.30    -5.42     0.035
   26.82   -12.90   -29.53        26.85   -12.89   -29.47     0.069
  -24.00     8.08   -12.49       -23.99     8.06   -12.54     0.057
  -19.41     9.68    26.83       -19.45     9.68    26.83     0.041
   -7.78     2.89   -36.69        -7.85     2.80   -36.55     0.183
   34.64    21.77     6.80        34.65    21.78     6.80     0.017
  -36.61    -8.91   -25.42       -36.76    -8.96   -25.49     0.173
   37.53    16.96    12.07        37.61    16.99    12.03     0.096
  -37.51   -17.99   -23.76       -37.56   -17.97   -23.78     0.052
   -6.41    24.98    25.67        -6.39    24.74    25.63     0.242
   40.08    -0.94   -12.17        40.06    -0.93   -12.16     0.024
   -1.33   -17.73   -12.54        -1.33   -17.75   -12.54     0.013
  -32.46   -25.72   -16.37       -32.41   -25.66   -16.37     0.073
   12.34   -10.49    20.41        12.33   -10.44    20.40     0.045
   10.96    22.63   -21.35        11.05    22.58   -21.32     0.100
    9.21    20.64    32.86         9.24    20.81    32.86     0.176
   15.13    17.74    60.21        15.14    17.74    60.16     0.050
  -13.83   -14.80   -41.29       -13.83   -14.79   -41.28     0.015
  -22.66   -30.25   -22.95       -22.69   -30.36   -22.97     0.113
   34.10     9.67   -27.65        34.01     9.66   -27.63     0.090
   -9.62   -20.14    -8.46        -9.62   -20.14    -8.46     0.006
   17.21    19.84    42.57        17.25    19.92    42.57     0.086
  -18.04    21.06    26.64       -18.05    21.07    26.64     0.011
    7.33    21.39    29.12         7.37    21.58    29.15     0.206
  -16.70    10.48   -17.44       -16.70    10.49   -17.43     0.010
  -11.14    14.48    54.98       -11.15    14.48    54.98     0.009
   19.90    27.07   -27.97        19.87    26.95   -27.98     0.122
  -14.33    -6.13    18.05       -14.42    -6.16    18.05     0.096
  -36.93   -20.58   -14.46       -36.88   -20.55   -14.46     0.063
  -16.08   -24.02    -5.63       -16.10   -24.01    -5.66     0.033
    6.04   -15.50    -6.30         6.03   -15.62    -6.28     0.115
  -19.07    11.40   -26.80       -19.06    11.38   -26.80     0.026
   14.61    19.78    30.50        14.63    19.87    30.50     0.089
   -9.85    -7.86    33.86        -9.78    -7.84    33.85     0.073
  -13.41     1.99   -39.61       -13.41     1.93   -39.54     0.088
    8.82   -11.02    19.84         8.81   -10.92    19.83     0.105
   27.09    -6.87    17.61        27.14    -7.03    17.67     0.174
   -1.79     7.80    58.79        -1.79     7.81    58.79     0.004
   -4.35    12.64   -14.40        -4.35    12.62   -14.39     0.014
  -29.42   -25.47   -11.60       -29.44   -25.51   -11.57     0.046
   -8.94    -0.91    53.89        -9.28    -0.95    53.93     0.350
    4.66    21.51    38.06         4.66    21.50    38.06     0.009
   -5.52   -20.66   -14.01        -5.46   -20.68   -13.99     0.063
   44.47    -1.01    -5.89        44.53    -1.04    -5.89     0.072
   -6.35    25.34    20.74        -6.32    25.23    20.72     0.112
   32.62    -2.62   -32.05        32.60    -2.62   -32.05     0.017
   -7.19     9.13   -23.76        -7.18     9.04   -23.73     0.100
    9.55    27.37   -13.87         9.54    27.38   -13.88     0.014
   19.68    22.55   -35.08        19.66    22.54   -35.04     0.040
   -5.09   -20.05   -14.09        -5.21   -20.02   -14.14     0.134
    5.53   -13.43   -22.65         5.53   -13.47   -22.67     0.050
  -17.31    -8.78   -43.02       -17.34    -8.75   -43.05     0.050
   23.32    13.16    50.05        23.29    13.15    50.05     0.022
  -13.63    11.16     3.26       -13.64    11.16     3.26     0.009
  -30.12    -0.85    -7.21       -30.12    -0.88    -7.24     0.044
   25.98   -18.31   -17.08        26.00   -18.35   -17.09     0.044
  -14.16    10.13   -18.94       -14.14    10.18   -18.91     0.062
    3.65   -12.22    11.39         3.65   -12.19    11.38     0.026
   -6.32    24.54    27.09        -6.31    24.50    27.08     0.034
   37.15    14.18    11.06        37.15    14.17    11.04     0.022
  -23.16    11.12   -19.17       -23.16    11.13   -19.16     0.012
    0.88   -15.40   -27.63         0.91   -15.43   -27.63     0.040
   -5.07     8.47   -24.09        -5.11     8.42   -24.06     0.069
  -13.72    -5.51   -42.21       -13.72    -5.50   -42.22     0.011
  -37.73    -4.67   -28.40       -37.72    -4.66   -28.39     0.018
    0.32    -6.67   -36.67         0.37    -6.65   -36.70     0.063
   16.32   -12.99     5.32        16.33   -12.89     5.28     0.110
  -25.39    -9.62   -40.76       -25.40    -9.62   -40.81     0.050
  -35.75     3.15   -15.14       -35.86     3.24   -15.11     0.140
   45.68     6.88    -0.30        45.50     6.79    -0.31     0.200
  -10.67    -7.07    32.58       -10.70    -7.12    32.49     0.106
   24.45    15.06    37.90        24.38    15.02    37.88     0.086
    3.84    -9.73   -26.34         3.83    -9.72   -26.32     0.027
  -10.86     4.73    52.06       -10.68     4.78    52.06     0.185
   14.19   -11.07    16.43        14.18   -10.98    16.41     0.097
    3.85    24.18    18.77         3.85    24.21    18.77     0.030
   23.20    18.51    28.46        23.16    18.44    28.45     0.078
  -16.51     8.43   -11.73       -16.56     8.50   -11.70     0.094
   39.59     8.41    13.23        39.66     8.41    13.19     0.075
  -22.37    -1.95    -4.76       -22.36    -1.96    -4.76     0.014
  -36.46     3.03   -18.30       -36.42     3.01   -18.30     0.045
   35.95    11.93    13.39        35.95    11.93    13.39     0.004
  -15.39     6.87   -35.05       -15.39     6.87   -35.04     0.004
  -32.07     3.46   -31.01       -32.03     3.40   -30.96     0.087
   18.26    -7.72    30.15        18.25    -7.70    30.15     0.022
   23.85    -9.73   -26.45        23.82    -9.75   -26.51     0.068
   40.51    -4.46   -12.82        40.59    -4.47   -12.74     0.113
    2.19   -11.94    14.78         2.20   -11.95    14.78     0.018
   22.54   -20.87   -10.40        22.54   -20.97   -10.36     0.107
   15.74    19.94    24.88        15.72    19.87    24.87     0.068
   43.37    -0.81   -12.45        43.44    -0.70   -12.64     0.235
  -37.34    -3.88   -30.85       -37.40    -3.93   -30.87     0.073
    0.23   -15.98   -25.24         0.22   -15.97   -25.24     0.016
   25.56    20.64    15.06        25.55    20.59    15.05     0.052
  -15.30     9.32     1.74       -15.34     9.35     1.74     0.044
  -38.86    -4.66   -12.61       -38.89    -4.65   -12.56     0.056
  -24.07    -9.86   -40.89       -24.08    -9.88   -40.97     0.076
   13.59    12.46   -21.68        13.72    12.48   -21.71     0.138
  -11.08    16.02     4.93       -10.87    15.89     4.99     0.250
  -22.95   -30.50   -21.57       -22.95   -30.53   -21.56     0.038
   10.64    20.56    35.54        10.66    20.65    35.53     0.095
  -27.74   -25.82   -32.34       -27.76   -25.86   -32.36     0.050
  -10.47    10.40   -29.03       -10.48    10.40   -29.04     0.007
   11.79     4.04    58.77        11.78     4.05    58.74     0.032
   35.50   -11.58     2.98        35.50   -11.57     2.98     0.014
   20.76    -0.89    45.20        20.70    -0.87    45.18     0.073
   22.82    22.44     9.01        22.82    22.48     9.02     0.037
   -4.59   -10.89    42.71        -4.53   -10.79    42.71     0.111
   13.28   -18.93   -15.07        13.29   -18.92   -15.07     0.014
  -19.59     0.79     1.24       -19.63     0.80     1.25     0.041
  -22.85    10.32   -29.22       -22.84    10.20   -29.18     0.129
  -22.37   -29.46   -27.01       -22.37   -29.38   -26.98     0.086
   -8.52   -11.18    23.62        -8.61   -11.30    23.62     0.151
   42.70     8.50    -5.28        42.83     8.53    -5.31     0.137
   41.51    12.48    -4.19        41.38    12.39    -4.17     0.157
   12.04    -9.66    30.41        12.08    -9.78    30.41     0.127
  -34.11   -23.78   -14.14       -34.07   -23.73   -14.15     0.062
  -37.40    -7.29   -25.22       -37.43    -7.30   -25.23     0.031
   19.34    -1.45    49.79        19.29    -1.43    49.78     0.049
   -5.25   -13.49     7.36        -5.24   -13.36     7.36     0.132
   19.60     4.39    58.34        19.56     4.40    58.28     0.068
  -28.88    -4.25    -5.55       -28.86    -4.23    -5.53     0.036
  -19.50    16.23    29.14       -19.38    16.21    29.13     0.121
  -14.37    -8.61     8.21       -14.37    -8.61     8.21     0.002
  -11.34    13.96    55.17       -11.31    13.95    55.16     0.029
   22.67     0.86    41.00        22.48     0.92    40.95     0.200
   37.01     2.26   -17.98        37.03     2.26   -17.99     0.023
   20.07   -21.52   -12.95        20.08   -21.46   -12.96     0.068
   29.61    -4.29    20.64        29.57    -4.24    20.60     0.074
   37.73    17.41    12.55        37.62    17.35    12.58     0.132
  -17.48   -11.41   -41.63       -17.47   -11.41   -41.64     0.008
   32.78   -13.48    -4.04        32.76   -13.46    -4.04     0.022
   34.30    22.09     7.23        34.31    22.10     7.23     0.017
   43.72    -2.48    -6.03        43.63    -2.41    -6.03     0.117
   -4.15   -18.65   -14.10        -4.15   -18.65   -14.10     0.003
   32.81   -13.27     0.86        32.78   -13.18     0.84     0.100
    6.53    10.81   -15.16         6.53    10.82   -15.16     0.008
   24.65    -9.18    13.86        24.60    -9.01    13.83     0.185
   23.47    15.58    43.22        23.33    15.49    43.20     0.165
  -11.31    11.94    -2.63       -11.47    12.10    -2.68     0.233
   17.93    -7.23   -25.24        17.93    -7.23   -25.26     0.014
   -7.43    19.89     6.87        -7.51    19.98     6.81     0.136
  -35.15   -16.41    -7.26       -35.22   -16.45    -7.22     0.092
   11.09    27.57    -2.05        11.08    27.50    -2.06     0.067
    8.70    28.05    -4.11         8.70    27.99    -4.12     0.065
    9.96    20.87    40.70         9.96    20.78    40.70     0.090
  -22.20    -3.16    -2.83       -22.15    -3.19    -2.85     0.064
  -11.25    17.17     8.49       -11.22    17.15     8.50     0.033
   -7.27    -8.97    48.56        -7.16    -8.85    48.53     0.159
  -17.84     6.24    -7.78       -17.98     6.32    -7.76     0.158
   -7.83   -23.94   -34.53        -7.82   -23.97   -34.55     0.029
  -40.22    -5.87   -18.58       -40.00    -5.89   -18.52     0.224
   34.72    20.70   -11.16        34.73    20.70   -11.17     0.012
  -18.79    19.39    23.73       -18.84    19.42    23.72     0.057
   38.56    -7.68    -0.13        38.58    -7.69    -0.13     0.022
  -10.79     5.25    56.81       -10.55     5.36    56.78     0.273
    9.31    -2.84   -25.52         9.30    -2.85   -25.59     0.070
  -29.42     9.45   -19.75       -29.50     9.60   -19.75     0.160
   -8.32   -23.02   -35.75        -8.31   -23.03   -35.76     0.012
   31.18    22.44     9.99        31.17    22.30     9.95     0.145
    8.65   -13.52   -22.75         8.66   -13.58   -22.80     0.081
   24.56    16.58    32.64        24.47    16.52    32.63     0.107
   30.78   -12.46     5.96        30.77   -12.38     5.93     0.081
   14.27   -19.30    -6.45        14.32   -19.13    -6.49     0.176
    7.77    -8.34   -25.52         7.78    -8.34   -25.57     0.051
   -7.95    -2.10   -40.27        -7.96    -2.11   -40.26     0.021
    3.27   -14.84    -2.29         3.26   -14.92    -2.28     0.084
  -13.85    22.56    25.93       -13.87    22.69    25.93     0.134
  -15.28    22.36    27.19       -15.28    22.34    27.19     0.012
    0.44    -3.66   -27.00         0.49    -3.64   -27.05     0.070
   42.65    -0.12   -12.13        42.62    -0.08   -12.17     0.065
  -10.21     9.82   -21.22       -10.24     9.76   -21.24     0.061
   32.35    19.19   -23.79        32.32    19.17   -23.77     0.044
   37.91    11.95    11.86        37.90    11.95    11.85     0.008
   19.83   -15.66    -1.88        19.83   -15.66    -1.88     0.000
    0.46   -11.58   -35.92         0.42   -11.56   -35.90     0.048
  -11.16    19.78    11.32       -11.10    19.76    11.36     0.075
  -31.88   -25.87   -21.09       -31.91   -25.91   -21.09     0.044
   41.33    13.39    11.40        41.42    13.42    11.40     0.100
   37.69    19.00     7.39        37.72    19.05     7.40     0.061
    2.59    26.13     8.95         2.62    26.31     8.99     0.184
   10.94   -12.72     6.03        10.94   -12.66     6.01     0.065
    9.84    19.05   -22.28         9.69    19.00   -22.33     0.161
  -11.53   -15.81    -5.48       -11.56   -15.76    -5.53     0.079
   19.00    27.11   -30.23        19.00    27.01   -30.23     0.103
  -13.74    11.58     4.22       -13.65    11.52     4.24     0.108
  -14.37    18.46    41.91       -14.42    18.50    41.94     0.070
   21.10   -17.41   -22.21        21.16   -17.42   -22.18     0.072
  -14.73    15.56    13.73       -14.59    15.48    13.84     0.191
   -2.31   -17.82   -27.91        -2.29   -17.84   -27.90     0.026
  -37.09   -20.38   -15.02       -37.06   -20.36   -15.02     0.033
   32.54     0.47   -33.65        32.54     0.47   -33.65     0.001
   25.21    26.28   -19.03        25.20    26.24   -19.03     0.046
   34.85    21.62     4.81        34.83    21.60     4.81     0.026
  -40.20   -12.53   -16.19       -40.18   -12.53   -16.19     0.027
   20.97    27.20   -15.02        20.98    27.25   -15.02     0.050
   -4.89     3.03   -37.74        -4.87     3.01   -37.73     0.032
   13.07    25.61   -19.00        13.04    25.64   -19.02     0.048
   26.18   -10.56   -28.46        26.16   -10.56   -28.48     0.024
   20.64     0.19    46.56        20.77     0.14    46.60     0.151
   -4.07    25.68    19.26        -4.07    25.70    19.27     0.027
   -4.95     7.40   -28.16        -4.97     7.39   -28.15     0.019
  -17.18    11.24   -18.59       -17.14    11.33   -18.55     0.103
    4.07    -2.79    60.30         4.08    -2.80    60.28     0.016
  -12.19     9.20   -31.98       -12.18     9.22   -31.98     0.026
   -0.13    22.61    33.97        -0.07    22.72    33.99     0.131
   -0.70   -11.79    17.20        -0.68   -11.95    17.22     0.161
   24.12    18.59    27.01        24.02    18.37    26.96     0.247
   25.48    15.61    30.95        25.56    15.67    30.98     0.113
  -18.70   -28.76   -29.58       -18.69   -28.72   -29.56     0.045
    4.96    -9.45    59.44         4.98    -9.53    59.46     0.083
  -12.12    10.03   -10.67       -12.15    10.18   -10.67     0.162
   22.45    26.96   -16.93        22.45    26.94   -16.93     0.018
   -2.26   -14.73    -3.39        -2.26   -14.73    -3.39     0.000
   36.29     4.39   -20.71        36.31     4.39   -20.71     0.029
  -15.59    12.15    13.23       -15.63    12.16    13.22     0.035
  -19.28   -15.88   -41.32       -19.28   -15.87   -41.29     0.028
  -33.22   -24.00   -24.95       -33.26   -24.03   -24.96     0.054
  -34.60     2.78   -27.20       -34.64     2.82   -27.21     0.059
   32.97   -11.34   -20.53        32.99   -11.36   -20.54     0.027
  -18.34    10.85   -16.21       -18.39    10.74   -16.25     0.135
  -38.01   -18.86   -13.82       -38.05   -18.88   -13.81     0.047
   44.96     0.22    10.18        44.97     0.22    10.19     0.016
  -17.44    -9.76     1.39       -17.46    -9.78     1.40     0.035
   31.02     5.49   -35.37        30.98     5.50   -35.30     0.085
   -8.48     3.68    59.71        -8.51     3.67    59.78     0.078
   19.04   -13.10     4.14        19.04   -13.10     4.15     0.002
   -3.44   -20.75   -23.46        -3.39   -20.74   -23.45     0.053
