400 PA5-E-Debug-Answer.txt 6
 -139.0947  172.6227  -45.2251    1.2861   -5.8616 -133.9247
   -0.06    19.47    48.04        -0.03    19.33    48.02     0.142
   -1.77   -25.37   -36.53        -1.70   -25.46   -36.59     0.129
   32.78     0.28     2.74        32.88     0.28     2.75     0.093
  -13.67    22.08    33.96       -13.65    21.98    33.99     0.109
   21.81    13.83    33.05        21.85    13.85    33.06     0.046
   11.81     9.66    58.70        11.84     9.64    58.72     0.044
  -40.25   -22.58   -27.84       -40.19   -22.56   -27.83     0.063
   32.16     6.47   -15.60        32.20     6.47   -15.63     0.043
    1.07    -9.12     9.17         1.07    -9.12     9.17     0.008
   -0.14    22.32    36.42        -0.15    22.25    36.42     0.065
   25.37    17.17    12.07        25.26    17.15    12.03     0.122
  -25.97   -32.31   -38.40       -25.98   -32.36   -38.42     0.055
   -8.78    23.20    41.30        -8.76    23.13    41.29     0.074
  -37.68   -24.27   -39.69       -37.63   -24.26   -39.69     0.053
   12.74    -5.51    30.90        12.69    -5.67    30.93     0.172
    8.30    -9.72   -20.95         8.30    -9.73   -20.94     0.014
    9.11    -4.15    45.62         9.07    -4.25    45.60     0.113
   -9.63     9.90   -33.24        -9.72     9.81   -33.23     0.133
  -16.96   -32.96   -30.23       -16.96   -32.95   -30.23     0.007
  -20.96    -0.95    -7.84       -20.93    -0.96    -7.87     0.040
  -10.43     6.86     1.22       -10.32     6.69     1.23     0.197
   27.79    -3.16   -23.75        27.79    -3.16   -23.74     0.004
    1.59    16.16    13.67         1.65    16.11    13.71     0.084
  -24.66   -14.02   -57.10       -24.65   -13.96   -57.02     0.107
  -25.84   -30.02   -42.97       -25.85   -30.06   -43.00     0.061
  -36.02   -27.55   -38.04       -36.02   -27.54   -38.04     0.006
   31.82    11.36   -12.72        31.82    11.37   -12.72     0.007
    5.77    -3.67    53.24         5.77    -3.67    53.24     0.007
   -7.94    15.67    45.16        -7.90    15.75    45.05     0.138
   13.34    24.17    47.52        13.34    24.18    47.53     0.007
  -27.79     6.96   -48.85       -27.82     7.02   -48.91     0.085
  -39.47     6.30   -32.91       -39.45     6.28   -32.91     0.035
   18.20     0.72   -20.76        18.20     0.72   -20.76     0.000
  -32.33    11.96   -29.30       -32.30    11.93   -29.32     0.045
   -4.81   -17.47   -42.21        -4.80   -17.47   -42.22     0.014
   17.01    24.59    26.28        17.00    24.48    26.32     0.123
   33.90     9.61   -12.00        33.93     9.64   -12.01     0.047
  -32.78     7.35   -46.92       -32.76     7.30   -46.89     0.061
   -3.86    -1.99    16.39        -3.86    -1.98    16.39     0.006
   23.04    23.16    12.58        22.97    23.06    12.58     0.126
  -24.54   -23.34   -13.06       -24.57   -23.43   -13.01     0.104
  -34.96   -27.43   -24.16       -35.03   -27.51   -24.13     0.111
   13.27    -4.50    57.50        13.24    -4.43    57.46     0.084
   13.25    24.60    36.82        13.25    24.58    36.82     0.018
   27.18    -0.01   -25.94        27.18    -0.01   -25.93     0.013
  -40.01     2.56   -37.12       -40.11     2.59   -37.15     0.112
  -41.91   -14.01   -23.31       -41.98   -14.02   -23.30     0.071
  -37.27   -12.10   -50.50       -37.23   -12.11   -50.48     0.055
   29.03    -5.65   -11.90        29.10    -5.67   -11.88     0.081
   14.26    -7.07    24.25        14.31    -7.16    24.28     0.109
   12.30     6.96   -13.98        12.31     6.96   -13.98     0.015
   -2.68    13.30     7.73        -2.77    13.49     7.63     0.232
   13.54    -4.21   -18.92        13.54    -4.23   -18.87     0.054
  -38.95     3.78   -39.49       -38.98     3.79   -39.50     0.031
    1.92   -21.04    -9.08         1.92   -21.03    -9.09     0.004
   29.64     0.99   -25.18        29.61     0.98   -25.17     0.030
   -4.66    16.03    18.99        -4.65    16.03    19.00     0.007
  -37.29   -19.87   -44.19       -37.29   -19.87   -44.19     0.009
   18.80    -2.94    56.73        18.83    -2.96    56.73     0.031
    6.63    21.43    41.23         6.56    21.57    41.21     0.155
  -37.68     8.64   -32.87       -37.64     8.60   -32.87     0.059
   31.21    13.11   -10.40        31.38    13.26   -10.44     0.229
  -28.22    13.14   -40.48       -28.21    13.11   -40.46     0.039
   -8.21     4.84   -41.13        -8.30     4.80   -41.10     0.103
  -34.96     6.76   -45.38       -34.93     6.75   -45.37     0.031
   15.95    20.27   -19.80        15.98    20.30   -19.83     0.046
    7.01     1.29   -15.74         7.02     1.31   -15.75     0.031
   14.55    -8.76    19.08        14.56    -8.77    19.08     0.008
   10.44     8.66    60.26        10.45     8.68    60.25     0.018
    1.86    -0.87   -22.21         1.83    -0.90   -22.18     0.048
  -27.84   -24.30   -49.85       -27.84   -24.29   -49.85     0.008
    3.62     6.24   -11.27         3.62     6.24   -11.27     0.005
   13.62    -5.08    54.64        13.62    -5.03    54.64     0.045
   24.80     1.02    22.53        24.65     1.08    22.49     0.164
   14.65    -6.66    25.11        14.68    -6.71    25.13     0.065
   32.78     0.15     1.28        32.77     0.15     1.28     0.011
  -24.59   -22.83   -12.33       -24.61   -22.88   -12.28     0.074
   -3.88     4.40    26.80        -3.90     4.38    26.81     0.036
  -11.79   -25.59   -47.25       -11.80   -25.58   -47.23     0.027
   16.77    25.76    41.26        16.74    25.68    41.27     0.084
   30.54     4.90    10.07        30.41     4.82    10.00     0.166
   14.75    26.12    23.58        14.74    26.08    23.57     0.047
  -39.25     5.62   -26.34       -39.31     5.68   -26.31     0.092
  -26.18   -32.78   -36.80       -26.17   -32.75   -36.80     0.027
   10.89    21.36   -22.81        10.89    21.37   -22.82     0.018
   23.36    -1.22    23.80        23.38    -1.22    23.80     0.018
   -0.27     2.63    37.28        -0.20     2.67    37.28     0.079
   21.28     1.46    45.45        21.30     1.45    45.45     0.016
   -2.17   -23.22   -38.86        -2.16   -23.22   -38.87     0.012
  -38.41     6.81   -36.72       -38.45     6.83   -36.73     0.043
   20.57    -1.29   -21.00        20.57    -1.29   -20.99     0.014
   -1.70    15.67    51.99        -1.74    15.67    52.00     0.046
    3.28    20.21    55.18         3.22    20.38    55.20     0.179
   -0.38     6.57   -12.17        -0.38     6.56   -12.17     0.008
  -36.38   -25.17   -41.62       -36.32   -25.11   -41.58     0.087
    5.11    -1.71   -20.38         5.10    -1.71   -20.38     0.012
   18.62    -3.14    48.88        18.61    -3.13    48.88     0.019
   13.05   -14.75     3.13        13.05   -14.74     3.13     0.011
  -39.73   -18.77   -34.29       -39.82   -18.79   -34.32     0.095
   11.35    -6.10    27.62        11.36    -6.13    27.64     0.035
  -41.07     1.58   -32.11       -41.17     1.61   -32.11     0.110
    2.41    -7.34    18.31         2.41    -7.39    18.35     0.064
   -1.22    21.31    30.43        -1.21    21.44    30.39     0.134
   21.76    15.10    28.06        21.71    15.08    28.05     0.058
   -3.87    21.84    31.42        -3.87    21.85    31.42     0.018
  -37.23   -22.42   -19.52       -37.19   -22.40   -19.56     0.055
   14.11   -16.90    -3.11        14.09   -16.81    -3.15     0.101
   24.57     4.61   -24.34        24.57     4.60   -24.36     0.023
    8.36    13.85   -17.81         8.29    13.82   -17.79     0.075
  -30.34     6.30   -48.59       -30.31     6.24   -48.54     0.077
  -16.34   -16.23   -55.83       -16.34   -16.23   -55.83     0.006
   21.95   -13.64   -11.53        21.90   -13.54   -11.53     0.110
   15.54   -12.24   -17.95        15.52   -12.30   -18.01     0.091
    7.75     5.19    59.06         7.77     5.22    58.94     0.129
   -2.18    16.49    50.16        -2.10    16.48    50.11     0.092
  -34.92     6.52   -45.64       -34.88     6.49   -45.61     0.055
   19.93    18.74    42.61        19.71    18.61    42.61     0.250
  -10.61   -28.24   -39.71       -10.56   -28.28   -39.73     0.071
    7.28    22.37    -1.15         7.26    22.39    -1.14     0.031
    3.29   -26.79   -15.78         3.29   -26.76   -15.78     0.031
  -39.08    -3.08   -36.63       -39.03    -3.06   -36.62     0.053
  -19.50   -23.40   -10.57       -19.49   -23.37   -10.63     0.064
   10.70    -6.59    26.82        10.69    -6.56    26.81     0.034
   30.92    10.61     3.39        30.90    10.60     3.38     0.024
   15.37   -15.84    -0.67        15.40   -15.78    -0.71     0.074
  -32.50     6.33   -14.45       -32.52     6.33   -14.44     0.021
  -24.40   -17.97   -55.77       -24.41   -17.98   -55.79     0.026
   20.42   -14.16   -11.46        20.40   -14.09   -11.46     0.074
  -10.64   -16.39   -50.75       -10.65   -16.39   -50.75     0.017
   -1.15     9.69    57.09        -1.20     9.67    57.17     0.104
    4.62    -5.53   -22.52         4.57    -5.55   -22.47     0.071
   -0.79    17.38    53.07        -1.02    17.44    53.16     0.255
    6.42    -6.64    26.96         6.47    -6.46    26.88     0.212
  -35.07   -20.41   -16.52       -35.06   -20.41   -16.53     0.012
    8.35   -15.17    -0.19         8.34   -15.19    -0.18     0.022
  -11.53     5.68    -1.30       -11.57     5.74    -1.30     0.070
  -10.21    10.64   -32.27       -10.31    10.55   -32.25     0.134
   22.20     5.13    52.36        22.39     5.09    52.35     0.191
    6.91    21.86    43.73         6.93    21.78    43.72     0.085
   29.59     3.50   -22.63        29.59     3.50   -22.64     0.011
  -19.77   -30.13   -45.08       -19.77   -30.10   -45.07     0.032
   17.47   -13.37     4.06        17.46   -13.34     4.04     0.042
   12.61    24.34    38.52        12.58    24.39    38.52     0.061
   21.05     0.71    45.70        20.94     0.76    45.69     0.115
    7.51    -3.15    39.66         7.53    -3.09    39.66     0.062
    7.17    14.33     0.80         7.17    14.34     0.79     0.018
   16.30     5.24    58.86        16.29     5.24    58.80     0.052
   -1.50    20.67    45.77        -1.49    20.70    45.79     0.029
   14.88   -12.73     6.73        14.86   -12.64     6.69     0.101
   -1.65   -20.78   -38.67        -1.67   -20.78   -38.64     0.034
   15.76    24.71    24.76        15.77    24.72    24.77     0.017
    6.52    17.83     1.69         6.46    17.75     1.64     0.115
   11.11    24.34   -10.26        11.10    24.43   -10.27     0.091
   -5.41     4.27    23.42        -5.40     4.28    23.42     0.015
    8.39    15.01    58.04         8.37    14.92    57.98     0.116
    5.91    18.34     2.96         6.13    18.40     2.97     0.229
   23.64   -12.82   -10.50        23.60   -12.72   -10.50     0.106
   19.55    -4.69    24.86        19.53    -4.65    24.86     0.048
    7.15    17.17   -15.07         7.10    17.15   -15.06     0.058
  -29.81    -5.38   -10.28       -29.81    -5.39   -10.30     0.023
  -18.05   -25.67   -14.26       -18.05   -25.64   -14.30     0.053
    5.03    10.53    -2.47         5.03    10.55    -2.50     0.040
   -1.31     5.54    44.19        -1.18     5.59    44.19     0.143
  -38.26    -7.43   -45.76       -38.27    -7.42   -45.76     0.019
   24.28    10.84    20.94        24.17    10.82    20.92     0.109
   -3.31    15.12    14.22        -3.33    15.18    14.20     0.071
   33.94    10.18   -10.14        33.97    10.21   -10.14     0.040
   23.21    11.10    32.60        23.03    11.05    32.60     0.186
   17.39    23.19    49.20        17.38    23.18    49.20     0.015
  -31.48     6.92   -14.22       -31.46     6.97   -14.18     0.066
   14.38    -5.78    31.83        14.38    -5.77    31.83     0.008
    7.45    22.70    -2.31         7.41    22.72    -2.32     0.041
  -28.14    15.01   -34.17       -28.19    15.19   -34.20     0.186
   11.29   -18.48    -5.65        11.28   -18.44    -5.66     0.042
   20.64    -4.87   -19.72        20.63    -4.90   -19.78     0.065
   19.06    24.58    -1.66        19.10    24.66    -1.66     0.090
   15.16    -5.14    34.66        15.19    -5.32    34.68     0.191
  -14.42    14.43   -29.75       -14.44    14.38   -29.75     0.054
  -34.55     3.61   -48.93       -34.54     3.59   -48.92     0.023
  -21.20     0.81   -55.35       -21.20     0.82   -55.37     0.032
   23.08     7.26    43.33        23.15     7.27    43.34     0.068
    1.86   -13.13    -0.44         1.86   -13.13    -0.44     0.003
   -0.13     2.28    36.50        -0.09     2.30    36.49     0.045
  -14.37   -29.45   -43.78       -14.36   -29.46   -43.79     0.012
  -29.87   -30.84   -39.48       -29.84   -30.76   -39.41     0.111
    1.48    -0.27    41.50         1.44    -0.34    41.51     0.078
  -15.02   -32.29   -28.79       -15.03   -32.27   -28.79     0.020
  -37.80   -22.71   -40.72       -37.68   -22.69   -40.68     0.132
  -11.86    11.21   -39.24       -11.80    11.27   -39.25     0.087
  -23.96    -6.59   -57.10       -23.97    -6.59   -57.11     0.016
  -27.75   -20.89   -11.14       -27.75   -20.89   -11.15     0.009
  -10.49     6.49    -0.44       -10.49     6.50    -0.44     0.004
   -0.02    19.33    48.18        -0.01    19.31    48.18     0.022
    7.12    22.45     2.88         7.04    22.49     2.94     0.101
    9.80    10.01    61.17         9.91    10.07    61.10     0.142
   -2.36   -27.23   -31.22        -2.36   -27.21   -31.22     0.011
   11.27    -5.39    30.16        11.30    -5.61    30.18     0.223
   14.64    21.30   -19.00        14.65    21.33   -19.01     0.025
  -14.02    16.75    44.70       -14.02    16.75    44.70     0.000
   -9.30   -28.77   -33.40        -9.28   -28.78   -33.40     0.019
  -18.10     0.70   -56.34       -18.11     0.71   -56.36     0.017
    5.15   -24.68   -13.46         5.13   -24.68   -13.48     0.023
   -9.33   -26.22   -42.24        -9.39   -26.12   -42.22     0.125
  -15.66   -28.67   -19.57       -15.62   -28.78   -19.51     0.134
   23.43    -3.28    16.71        23.47    -3.32    16.72     0.059
   14.93    24.66    27.72        14.94    24.46    27.74     0.205
   23.80     8.39   -24.53        23.80     8.38   -24.50     0.038
   16.88    26.27     7.97        16.89    26.30     7.96     0.031
  -16.19   -26.56   -15.30       -16.18   -26.58   -15.27     0.032
   24.88   -12.03   -10.37        24.95   -12.07   -10.40     0.091
   14.57    -5.04    53.17        14.57    -5.02    53.17     0.019
   -7.87   -11.90   -46.26        -7.84   -11.91   -46.28     0.038
   15.36    -5.11    38.55        15.34    -4.94    38.54     0.166
   17.38    26.70    11.97        17.39    26.74    11.97     0.036
   31.92     4.80   -17.01        31.89     4.77   -16.98     0.044
    0.67     0.93    41.18         0.57     0.86    41.16     0.130
   -7.54   -29.83   -22.55        -7.54   -29.85   -22.55     0.019
   29.79     6.34   -21.08        29.81     6.34   -21.08     0.022
   -3.31     5.85   -17.59        -3.38     5.77   -17.54     0.117
   -0.38    -0.19    31.05        -0.26    -0.14    31.01     0.134
   20.57    16.96    39.13        20.43    16.88    39.15     0.163
   31.69     2.03     7.41        31.75     2.04     7.43     0.070
    8.09    -7.59   -19.73         8.17    -7.59   -19.82     0.116
   13.48    25.03    35.12        13.48    25.01    35.13     0.017
   19.84    23.23    -8.19        19.85    23.24    -8.19     0.019
   13.73    -4.17   -18.83        13.73    -4.17   -18.84     0.010
    1.75    19.92    21.39         1.73    20.00    21.37     0.081
   30.00    -2.50    -9.36        30.00    -2.50    -9.36     0.001
  -29.66   -31.27   -24.83       -29.69   -31.31   -24.81     0.048
  -15.09   -27.02   -15.48       -15.09   -27.00   -15.52     0.040
   14.76    25.69    35.83        14.76    25.68    35.82     0.017
   -6.35   -25.69   -38.12        -6.39   -25.66   -38.09     0.057
    1.11   -18.45   -32.09         1.15   -18.43   -32.11     0.054
   14.34    24.33    47.23        14.35    24.28    47.22     0.043
   22.09    -3.15    22.89        22.06    -3.10    22.89     0.058
  -37.43   -20.96   -42.69       -37.38   -20.95   -42.68     0.045
   15.22    24.53    28.43        15.21    24.56    28.43     0.029
    7.68   -21.94   -12.52         7.77   -22.01   -12.50     0.120
  -38.67    -7.65   -41.50       -38.65    -7.65   -41.50     0.021
    0.85    19.14    52.56         0.89    19.08    52.59     0.074
   -3.91   -18.65    -7.93        -3.91   -18.65    -7.93     0.002
   11.35    25.28    20.99        11.36    25.19    20.96     0.096
    7.95    23.72    -0.77         8.04    23.62    -0.78     0.127
  -17.13    20.11    33.88       -17.09    20.05    33.88     0.068
   19.00   -15.09   -11.14        19.08   -15.15   -11.17     0.109
   -1.00     4.44    39.22        -0.99     4.45    39.21     0.015
    6.47    16.95     1.10         6.60    16.96     1.11     0.133
    4.15    15.70     7.36         4.19    15.69     7.38     0.040
   15.38    -7.76    20.21        15.37    -7.75    20.20     0.021
  -23.05   -10.83    -9.06       -23.01   -10.83    -9.10     0.051
  -27.77    -1.28   -55.68       -27.79    -1.26   -55.73     0.063
   -1.35    16.12    15.94        -1.39    16.18    15.91     0.084
  -10.52     3.90    12.01       -10.52     3.89    12.01     0.003
    7.98    12.96     0.07         8.01    13.00     0.02     0.067
   -0.28    -8.82   -31.33        -0.27    -8.82   -31.34     0.022
    9.92    -4.39    46.18         9.91    -4.48    46.16     0.090
    6.99    22.42   -10.02         7.02    22.38   -10.02     0.057
   20.79     6.73    56.34        20.81     6.75    56.39     0.059
   -0.32    18.54    52.08        -0.23    18.41    52.05     0.158
    8.43    -4.85    54.06         8.46    -4.75    54.06     0.101
  -26.17   -29.05   -17.97       -26.16   -29.05   -17.98     0.015
   24.14     6.87    30.12        24.05     6.85    30.11     0.095
   20.73    -0.03    47.63        20.63     0.01    47.62     0.113
  -41.70   -16.71   -22.98       -41.63   -16.69   -22.99     0.070
   29.45     0.54   -25.31        29.45     0.55   -25.31     0.011
   -4.45    -2.75   -36.08        -4.48    -2.76   -36.08     0.032
  -24.67     6.95   -15.69       -24.66     6.87   -15.78     0.113
    9.74   -17.32    -2.70         9.75   -17.35    -2.67     0.047
  -15.06     3.77    -3.39       -15.05     3.75    -3.39     0.029
   19.54    -5.49    20.63        19.47    -5.41    20.61     0.105
   27.19     9.25   -23.02        27.14     9.20   -22.97     0.090
  -37.41     8.58   -35.36       -37.48     8.62   -35.37     0.081
   14.71    23.98   -12.14        14.71    23.95   -12.14     0.035
   -6.38     5.74   -26.45        -6.34     5.77   -26.46     0.052
   28.63    12.33   -16.74        28.58    12.29   -16.71     0.074
    6.26    18.66     2.80         6.26    18.65     2.80     0.004
   17.21     7.11    57.57        17.20     7.09    57.53     0.048
  -11.38    13.04   -25.60       -11.30    13.09   -25.61     0.097
   27.56    -5.82   -21.27        27.58    -5.87   -21.29     0.059
  -15.61    20.95    37.45       -15.51    20.84    37.42     0.144
  -14.63     4.59    -5.43       -14.72     4.70    -5.36     0.157
   24.33    12.15    18.01        24.30    12.14    18.00     0.029
   13.36    24.54    24.67        13.33    24.57    24.70     0.050
   -0.50   -10.44     3.26        -0.51   -10.47     3.27     0.033
  -35.61     4.45   -47.07       -35.66     4.50   -47.10     0.074
  -21.45   -33.59   -31.45       -21.45   -33.58   -31.45     0.010
   26.33    19.17    -1.70        26.37    19.15    -1.68     0.043
   32.46    10.07   -13.72        32.44    10.03   -13.67     0.058
    2.90    20.22    21.84         2.84    20.40    21.83     0.186
  -16.50    12.36    38.82       -16.53    12.32    38.83     0.054
   -3.46    20.82    28.16        -3.48    20.92    28.13     0.106
    2.10   -15.95    -4.49         2.08   -15.99    -4.45     0.060
   -4.67     8.38    -5.09        -4.67     8.38    -5.09     0.004
    1.67     4.47    58.25         1.67     4.47    58.23     0.022
   12.92   -11.75    11.93        12.88   -11.70    11.91     0.060
   26.86    -6.52    -0.51        26.86    -6.49    -0.53     0.038
   23.76     5.85   -24.59        23.76     5.85   -24.60     0.003
    7.52    23.19    12.92         7.59    23.12    12.91     0.101
  -28.59    -3.83   -55.85       -28.59    -3.85   -55.79     0.064
  -22.95   -10.91    -9.03       -22.95   -10.91    -9.03     0.000
   22.35    13.39    28.60        22.34    13.39    28.60     0.002
  -37.98     6.85   -37.83       -38.10     6.91   -37.87     0.140
  -33.28   -15.20   -11.57       -33.26   -15.17   -11.62     0.062
   12.32    26.00    21.91        12.43    25.84    21.87     0.201
   -7.58   -26.92   -15.15        -7.58   -26.94   -15.14     0.015
   -4.88    11.12    44.58        -4.81    11.19    44.53     0.109
    6.35    21.65    38.78         6.39    21.44    38.78     0.216
    4.09    -4.30   -22.50         4.05    -4.32   -22.47     0.055
   31.23     4.94     7.74        31.27     4.95     7.76     0.045
   20.55    13.94    55.09        20.58    13.97    55.17     0.094
  -31.46     7.12   -14.47       -31.46     7.13   -14.47     0.016
  -14.31    13.34    42.70       -14.31    13.25    42.76     0.114
  -37.51   -14.95   -48.10       -37.57   -14.98   -48.13     0.073
   -2.85     0.33   -27.26        -2.90     0.28   -27.22     0.082
    3.74    -4.79   -23.58         3.66    -4.83   -23.53     0.100
    9.44    -6.27    28.64         9.42    -6.19    28.62     0.083
    7.69    22.34     9.04         7.60    22.45     9.01     0.142
  -10.69    16.56    45.29       -10.68    16.55    45.31     0.027
    3.22    11.47    -0.83         3.24    11.42    -0.80     0.059
   33.51     4.92    -2.51        33.49     4.93    -2.51     0.024
   18.22    -6.54   -18.78        18.21    -6.50   -18.70     0.094
   13.81    23.08    53.12        13.80    23.10    53.13     0.020
  -16.54   -30.09   -44.69       -16.59   -29.97   -44.63     0.147
    4.12    -8.66   -24.77         4.04    -8.67   -24.72     0.096
    7.21   -21.81   -10.94         7.21   -21.81   -10.94     0.007
    7.57    22.72    -3.45         7.51    22.75    -3.44     0.070
   -2.78     9.21    53.25        -2.82     9.21    53.24     0.036
  -17.15   -16.30   -56.15       -17.14   -16.30   -56.19     0.036
   -2.21    -8.42   -35.56        -2.15    -8.39   -35.57     0.062
  -37.17   -25.65   -24.05       -37.17   -25.65   -24.04     0.009
  -33.48   -30.34   -30.05       -33.49   -30.38   -30.05     0.042
    1.63    -1.45    36.23         1.56    -1.54    36.23     0.118
  -17.00     3.52    -6.66       -17.07     3.62    -6.59     0.145
   18.37     5.96   -22.49        18.34     5.92   -22.58     0.101
  -11.82   -12.74   -53.23       -11.85   -12.75   -53.22     0.025
   22.27     5.20    47.13        22.35     5.19    47.14     0.090
   -2.84     2.78    25.38        -2.99     2.68    25.41     0.181
    2.87   -12.10   -27.76         2.79   -12.10   -27.71     0.094
   17.90    23.22    44.28        17.90    23.20    44.25     0.036
  -36.09   -28.23   -29.19       -36.05   -28.18   -29.20     0.060
  -35.95    -0.07   -51.67       -35.96    -0.08   -51.66     0.009
   10.90    23.34    36.61        10.89    23.38    36.62     0.035
   -9.29    10.67    37.91        -9.30    10.61    37.93     0.072
   22.37     4.75    45.69        22.47     4.73    45.70     0.107
   11.72    20.05   -24.35        11.66    19.98   -24.29     0.113
    6.45    22.11    21.86         6.45    22.12    21.86     0.003
   24.59    13.97    16.13        24.51    13.95    16.09     0.089
  -30.18     3.22   -13.08       -30.18     3.23   -13.05     0.027
  -24.40    15.34   -23.60       -24.40    15.45   -23.58     0.104
   23.90     1.47   -24.25        23.90     1.47   -24.26     0.005
   13.44   -14.38     3.55        13.43   -14.36     3.54     0.019
   20.79    12.75   -22.98        20.79    12.76   -23.00     0.022
  -27.62    11.63   -19.85       -27.62    11.63   -19.85     0.006
    5.99    15.37     3.79         6.01    15.36     3.80     0.023
   21.27     1.08    51.01        21.09     1.15    51.01     0.194
  -15.99   -27.01   -15.83       -16.01   -27.13   -15.79     0.123
   -6.84   -23.86   -12.89        -6.86   -23.84   -12.86     0.044
   14.04    17.66   -24.22        13.99    17.63   -24.15     0.086
   -2.68    13.78    50.46        -2.57    13.76    50.41     0.122
   23.40     9.77    31.62        23.44     9.78    31.62     0.035
  -39.64   -21.94   -22.36       -39.62   -21.92   -22.36     0.024
  -33.47    -7.81   -11.82       -33.49    -7.87   -11.90     0.103
  -39.08    -9.51   -38.83       -39.03    -9.52   -38.83     0.046
   -3.33    14.63    11.23        -3.30    14.52    11.26     0.123
   15.36   -17.36    -6.90        15.38   -17.44    -6.93     0.080
  -33.35   -30.06   -35.53       -33.35   -30.05   -35.53     0.005
   -7.48    23.10    41.60        -7.48    23.11    41.60     0.007
   23.08     9.29    42.56        23.05     9.29    42.56     0.034
   15.95   -12.52   -18.06        15.96   -12.45   -18.00     0.091
   -0.11     1.95    41.55        -0.18     1.90    41.54     0.078
  -32.66     9.35   -20.15       -32.65     9.27   -20.16     0.085
  -20.50   -32.11   -40.90       -20.51   -32.07   -40.88     0.043
  -13.85    -2.02   -55.40       -13.86    -2.02   -55.38     0.019
    6.73   -11.81     8.61         6.64   -11.91     8.65     0.139
   22.08    12.75    47.41        22.18    12.78    47.41     0.111
   24.70    10.45    18.81        24.64    10.42    18.79     0.070
   30.72    13.54    -9.04        30.75    13.57    -9.03     0.050
  -23.82   -13.74   -56.99       -23.79   -13.76   -56.93     0.070
   26.83    18.94    -4.16        26.81    18.93    -4.16     0.020
  -21.80   -33.66   -33.70       -21.78   -33.74   -33.70     0.080
  -12.98    22.47    36.02       -13.00    22.53    36.01     0.066
  -13.98    10.82   -16.45       -13.95    10.72   -16.50     0.122
    0.10     1.91    36.95         0.10     1.91    36.95     0.001
   18.54    -5.07    29.94        18.48    -4.86    29.92     0.223
  -40.81     0.78   -35.82       -40.81     0.78   -35.82     0.004
   29.62    14.48    -8.37        29.60    14.47    -8.37     0.019
   14.79     3.23   -17.70        14.81     3.24   -17.66     0.044
   28.69    14.32     4.59        28.72    14.33     4.60     0.036
   31.20     0.56   -18.03        31.09     0.56   -18.02     0.103
   21.02     0.79    47.63        20.95     0.82    47.63     0.075
    6.98   -12.54   -20.72         7.06   -12.55   -20.76     0.092
  -20.75   -33.16   -27.97       -20.76   -33.04   -27.99     0.116
   32.60     1.45     3.79        32.64     1.45     3.80     0.042
  -12.06    13.14    42.75       -12.05    13.04    42.89     0.168
  -21.72     2.08    -9.77       -21.71     2.08    -9.78     0.011
   22.27     4.76    51.46        22.30     4.76    51.46     0.032
   -2.87    10.67    48.22        -2.93    10.65    48.22     0.055
   16.18     5.62   -20.35        16.20     5.64   -20.33     0.046
   -3.10   -24.49   -38.02        -3.10   -24.50   -38.03     0.012
  -16.47   -27.76   -17.18       -16.46   -27.77   -17.17     0.023
