400 PA5-F-Debug-Output.txt 6
   12.4451 -171.5398 -106.8642   90.8441   34.9292  108.0338
  -10.57    10.29   -22.30       -10.53    10.37   -22.26     0.093
  -10.88    17.78    50.74       -10.85    17.76    50.73     0.035
  -11.59    18.46    10.88       -11.58    18.46    10.89     0.012
   -0.36   -11.20    44.64        -0.35   -11.14    44.64     0.058
   -6.14   -21.61   -12.84        -6.08   -21.61   -12.80     0.077
  -11.42    11.02   -25.43       -11.41    11.06   -25.43     0.034
   40.60    -5.89    -3.32        40.50    -5.81    -3.33     0.125
  -23.84   -29.73   -18.26       -23.84   -29.73   -18.26     0.003
   12.25   -18.44   -14.74        12.23   -18.49   -14.76     0.051
  -25.94    -0.40    -9.46       -25.93    -0.36    -9.43     0.053
  -27.23    -9.72    -3.07       -27.23    -9.72    -3.08     0.006
  -13.93     9.31   -13.94       -14.00     9.47   -13.96     0.178
   23.45    -7.56    20.23        23.49    -7.65    20.25     0.101
  -21.10     0.23    -4.83       -21.07     0.21    -4.85     0.044
   30.82   -11.39     8.03        30.83   -11.42     8.05     0.028
   -8.78   -27.87   -27.90        -8.78   -27.87   -27.90     0.010
  -14.61     7.30    33.57       -14.64     7.24    33.58     0.078
  -35.53   -12.25   -28.41       -35.53   -12.25   -28.41     0.004
  -18.83    19.60    23.72       -18.78    19.56    23.72     0.065
   19.85    -8.25    24.12        19.82    -8.18    24.09     0.080
  -18.87    12.44    19.15       -18.87    12.44    19.15     0.006
   41.79    13.16     6.03        41.79    13.16     6.03     0.001
   39.31    -7.37     2.09        39.27    -7.32     2.12     0.066
   32.20    22.76   -16.33        32.16    22.73   -16.32     0.047
    0.94   -10.58    52.86         0.94   -10.58    52.86     0.000
    3.94    21.90    33.40         3.94    21.89    33.40     0.000
   -5.28    -3.16    59.64        -5.28    -3.16    59.67     0.028
  -35.71   -21.37   -12.66       -35.73   -21.41   -12.65     0.049
  -20.96    -9.31   -42.18       -20.89    -9.25   -42.07     0.141
  -11.81    19.62    13.28       -11.86    19.65    13.27     0.062
  -14.82   -10.03   -43.24       -14.81   -10.04   -43.30     0.061
   -9.90    21.30    11.08        -9.87    21.27    11.12     0.068
    5.22    -8.60    60.11         5.22    -8.60    60.10     0.007
  -20.85     9.44   -32.50       -20.83     9.38   -32.46     0.078
  -15.66    -4.56    13.18       -15.48    -4.45    13.13     0.221
   -3.18   -10.45    51.63        -3.16   -10.32    51.62     0.132
  -12.38    10.86    47.22       -12.47    10.80    47.23     0.105
  -16.70     8.79   -33.47       -16.68     8.83   -33.51     0.054
   -2.48   -15.63   -37.89        -2.56   -15.63   -37.86     0.087
   46.20     1.31     0.68        46.17     1.31     0.69     0.035
   -1.80   -10.66    27.03        -1.80   -10.66    27.03     0.003
   25.14    26.24   -17.86        25.15    26.27   -17.86     0.025
   23.88    17.08    34.23        23.86    17.06    34.23     0.031
  -19.16    -0.83     4.14       -19.21    -0.82     4.16     0.052
   44.80    -0.65   -11.52        44.72    -0.66   -11.51     0.078
  -24.66    -5.04    -4.04       -24.66    -5.04    -4.03     0.003
   10.20   -12.85     5.61        10.20   -12.81     5.59     0.043
    8.69    -8.93    58.46         8.64    -8.84    58.41     0.111
   11.74    16.71   -26.95        11.76    16.71   -26.95     0.021
   34.37    21.40    -7.70        34.47    21.49    -7.70     0.132
   21.10    -1.66    43.00        21.01    -1.62    42.97     0.098
   -8.84    18.70    50.88        -8.74    18.61    50.87     0.135
   29.90   -15.88    -3.91        29.88   -15.86    -3.91     0.028
  -17.00    11.15   -18.56       -16.96    11.24   -18.51     0.114
  -39.79   -14.50   -17.92       -39.87   -14.57   -17.90     0.100
   -5.20    -9.03    54.55        -5.26    -9.15    54.56     0.137
   11.17    -1.29    58.78        11.17    -1.29    58.76     0.016
    7.08    24.11   -14.00         7.15    24.05   -13.96     0.104
    5.36    -2.23   -25.60         5.36    -2.22   -25.62     0.029
   37.66    18.93     8.34        37.67    18.93     8.34     0.010
  -38.31    -2.72   -26.53       -38.32    -2.72   -26.53     0.006
  -11.52    13.04    58.06       -11.48    13.02    58.05     0.043
  -24.26   -17.71    -3.57       -24.19   -17.65    -3.65     0.120
  -12.01    23.11    22.99       -11.98    23.00    23.00     0.117
   -3.00    -6.03   -41.42        -2.98    -6.02   -41.43     0.026
  -17.27     5.71    15.01       -17.26     5.71    15.01     0.011
    8.54    20.96    35.51         8.53    20.92    35.51     0.041
   -4.04   -19.68   -17.56        -4.18   -19.66   -17.58     0.143
   14.44     6.30   -19.98        14.42     6.36   -20.05     0.092
  -36.78   -12.78   -23.13       -36.77   -12.78   -23.13     0.010
  -10.09    22.59    32.96       -10.11    22.66    32.97     0.076
    8.10    20.78    59.15         8.09    20.79    59.16     0.017
   13.01    13.12   -23.88        12.99    13.11   -23.88     0.013
  -10.12    -2.86    41.59       -10.11    -2.86    41.59     0.010
   22.51   -13.13   -25.46        22.55   -13.12   -25.42     0.051
  -32.72     1.94    -9.86       -32.74     1.89    -9.91     0.083
   12.44   -18.93   -11.84        12.43   -18.93   -11.84     0.008
   39.93    14.72    -3.08        39.83    14.65    -3.08     0.124
   10.88    20.70   -25.61        10.82    20.72   -25.62     0.056
   17.65    19.61    49.35        17.77    19.76    49.37     0.194
  -31.49   -26.03   -14.52       -31.50   -26.05   -14.52     0.020
  -26.79   -28.59   -25.71       -26.75   -28.50   -25.70     0.097
   26.41     5.19    32.66        26.45     5.18    32.68     0.046
  -28.80   -27.62   -15.63       -28.83   -27.69   -15.62     0.085
  -35.88     3.61   -21.61       -35.83     3.57   -21.62     0.059
  -32.41   -13.45   -37.30       -32.44   -13.47   -37.36     0.064
    8.50   -10.00    35.44         8.51   -10.07    35.45     0.065
    1.19   -12.48   -33.89         1.29   -12.49   -33.91     0.102
  -38.87    -9.85   -21.43       -38.85    -9.84   -21.42     0.015
   -1.80    21.57    49.93        -1.80    21.64    49.95     0.078
   35.77    14.21   -21.63        35.74    14.20   -21.62     0.033
  -12.06    -0.86   -40.46       -12.05    -0.85   -40.49     0.029
   -5.77   -22.48   -34.85        -5.84   -22.42   -34.80     0.108
   31.67   -11.22   -24.53        31.60   -11.16   -24.50     0.091
    5.46   -11.69   -25.02         5.46   -11.70   -25.03     0.016
  -27.33   -27.70   -28.42       -27.30   -27.64   -28.40     0.065
  -18.50    11.32   -28.29       -18.50    11.33   -28.30     0.019
   23.83   -18.49    -6.34        23.84   -18.40    -6.41     0.114
  -16.39    12.74   -22.37       -16.39    12.75   -22.37     0.009
   20.94    -3.71    37.78        21.08    -3.89    37.84     0.233
   15.72    21.81    17.97        15.71    21.78    17.96     0.033
  -23.07   -28.96   -14.45       -23.06   -28.91   -14.48     0.060
  -38.31    -6.91   -23.73       -38.29    -6.90   -23.72     0.021
    1.31    23.93    -3.45         1.25    23.96    -3.48     0.073
   20.28    27.59   -12.45        20.26    27.52   -12.45     0.077
   -5.77    -9.03    53.33        -5.75    -9.00    53.33     0.033
  -37.40   -19.95   -12.93       -37.23   -19.89   -13.00     0.189
    5.17    21.61   -14.75         5.14    21.64   -14.77     0.040
   -9.49    10.74   -25.00        -9.53    10.59   -24.99     0.159
   40.74    13.08    -1.36        40.89    13.20    -1.36     0.197
  -22.23    11.54   -23.20       -22.21    11.62   -23.20     0.080
  -17.01     4.25    14.61       -17.05     4.25    14.61     0.041
  -16.66   -29.34   -28.90       -16.66   -29.34   -28.90     0.003
  -13.56    -7.12   -42.91       -13.56    -7.11   -42.92     0.013
  -17.39    -1.66   -40.83       -17.35    -1.68   -40.77     0.071
  -29.76    -4.42    -4.60       -29.80    -4.49    -4.68     0.117
   15.55    21.58   -37.12        15.53    21.57   -37.07     0.054
  -32.10   -25.78   -14.97       -32.10   -25.77   -14.97     0.010
    4.50   -10.31    45.19         4.51   -10.35    45.19     0.050
   29.82    18.86   -28.42        29.79    18.85   -28.40     0.030
  -30.27    -9.64    -3.19       -30.28    -9.64    -3.14     0.045
    9.40   -12.25     7.49         9.40   -12.24     7.48     0.016
   24.01     9.99    46.35        23.99     9.99    46.34     0.013
   28.53    19.54    15.48        28.43    19.44    15.44     0.147
   -2.95   -21.48   -33.11        -2.90   -21.49   -33.11     0.050
    7.32    22.95    21.99         7.30    22.84    21.97     0.112
  -14.86     7.96    38.45       -14.86     7.97    38.45     0.007
  -22.75    -9.94    -0.78       -22.78    -9.97    -0.73     0.067
   18.23    -1.95    53.32        18.21    -1.94    53.31     0.023
   23.67    -7.70    20.44        23.60    -7.56    20.40     0.168
   38.64    17.18    12.61        38.71    17.27    12.63     0.107
   -1.03    -4.98   -35.50        -1.02    -4.97   -35.49     0.020
  -17.89     8.62    22.63       -17.91     8.54    22.60     0.084
  -15.78    14.95    14.97       -15.77    14.94    14.98     0.014
  -30.92     1.10   -34.61       -30.90     1.08   -34.59     0.034
   -9.90    10.37   -23.29        -9.84    10.42   -23.26     0.085
  -33.82     6.36   -20.91       -33.83     6.36   -20.91     0.009
   12.64    28.00    -6.76        12.66    28.10    -6.73     0.110
   31.53    -3.73    19.27        31.52    -3.72    19.26     0.011
    4.35   -15.46    -6.69         4.35   -15.55    -6.68     0.090
   -5.45   -20.70   -14.09        -5.42   -20.71   -14.08     0.033
   -7.21    -2.17   -39.82        -7.21    -2.17   -39.81     0.004
   26.17   -18.46    -6.95        26.19   -18.49    -6.94     0.034
    6.35    -3.59   -25.89         6.35    -3.59   -25.89     0.003
  -37.88    -8.65   -10.11       -37.81    -8.64   -10.15     0.088
  -18.81     5.20   -37.14       -18.81     5.17   -37.10     0.046
    8.33    22.91    20.29         8.35    22.98    20.31     0.073
    5.19   -11.89    11.95         5.17   -11.82    11.94     0.070
  -16.29    12.69   -22.04       -16.28    12.73   -22.04     0.046
   26.49    10.24    34.39        26.55    10.23    34.40     0.061
   39.50     3.46    14.02        39.45     3.46    13.98     0.056
  -20.02   -30.48   -25.23       -20.02   -30.49   -25.24     0.014
   16.46   -18.06    -3.26        16.46   -18.06    -3.26     0.002
   -6.56   -24.46   -32.35        -6.56   -24.48   -32.35     0.017
  -22.69    10.37   -28.92       -22.69    10.31   -28.90     0.060
   -9.23    18.12    51.28        -9.20    18.10    51.28     0.036
   -8.34    10.06   -26.31        -8.36     9.99   -26.31     0.076
   36.40    14.97    11.03        36.33    14.94    10.97     0.101
  -24.92    -6.66   -40.89       -24.92    -6.65   -40.92     0.027
   -8.33    -2.19    59.44        -8.37    -2.19    59.49     0.062
   32.30     5.65   -34.36        32.37     5.65   -34.39     0.070
   38.70    17.82    -2.12        38.71    17.82    -2.12     0.014
   -2.83    -9.21    59.70        -2.87    -9.31    59.76     0.124
   26.12   -17.64   -20.12        26.10   -17.59   -20.10     0.056
    8.86   -11.29    16.46         8.86   -11.37    16.47     0.082
  -20.33    10.77   -27.32       -20.36    10.91   -27.34     0.149
   -4.37    21.90     4.59        -4.39    21.92     4.58     0.039
    2.79   -12.14    13.65         2.77   -12.01    13.63     0.131
   34.62    -9.69     9.69        34.66    -9.87     9.78     0.197
   -4.64    -5.27    59.71        -4.64    -5.27    59.74     0.030
   -9.54    -8.13   -42.33        -9.55    -8.13   -42.30     0.029
  -18.64     8.93   -12.94       -18.64     8.94   -12.93     0.016
   29.53    24.34    -5.43        29.51    24.31    -5.43     0.032
   26.80   -12.90   -29.54        26.83   -12.89   -29.48     0.065
  -24.01     8.09   -12.49       -24.00     8.06   -12.54     0.061
  -19.41     9.70    26.83       -19.46     9.69    26.84     0.051
   -7.80     2.89   -36.69        -7.87     2.80   -36.55     0.179
   34.63    21.78     6.79        34.64    21.80     6.79     0.020
  -36.62    -8.91   -25.41       -36.76    -8.95   -25.47     0.157
   37.52    16.97    12.06        37.61    17.00    12.01     0.099
  -37.53   -17.99   -23.75       -37.56   -17.98   -23.77     0.040
   -6.42    24.99    25.67        -6.39    24.75    25.62     0.247
   40.07    -0.93   -12.18        40.06    -0.93   -12.18     0.006
   -1.34   -17.73   -12.53        -1.34   -17.75   -12.53     0.020
  -32.47   -25.71   -16.35       -32.42   -25.65   -16.35     0.082
   12.33   -10.47    20.41        12.33   -10.45    20.40     0.026
   10.95    22.63   -21.35        11.04    22.58   -21.32     0.108
    9.21    20.66    32.85         9.23    20.81    32.86     0.158
   15.14    17.76    60.20        15.14    17.76    60.16     0.040
  -13.85   -14.80   -41.28       -13.85   -14.79   -41.27     0.017
  -22.67   -30.25   -22.94       -22.71   -30.35   -22.96     0.111
   34.08     9.67   -27.66        34.01     9.67   -27.65     0.066
   -9.63   -20.14    -8.45        -9.62   -20.14    -8.44     0.011
   17.21    19.86    42.56        17.23    19.92    42.56     0.061
  -18.04    21.08    26.64       -18.06    21.09    26.64     0.024
    7.32    21.40    29.12         7.37    21.58    29.14     0.190
  -16.72    10.48   -17.43       -16.71    10.50   -17.42     0.021
  -11.14    14.50    54.98       -11.15    14.51    54.98     0.011
   19.88    27.07   -27.98        19.86    26.96   -27.99     0.109
  -14.34    -6.12    18.06       -14.43    -6.15    18.05     0.102
  -36.94   -20.58   -14.44       -36.88   -20.54   -14.45     0.073
  -16.09   -24.02    -5.62       -16.10   -24.01    -5.64     0.022
    6.03   -15.50    -6.29         6.02   -15.62    -6.28     0.124
  -19.09    11.41   -26.80       -19.08    11.38   -26.80     0.032
   14.61    19.80    30.49        14.63    19.87    30.49     0.071
   -9.85    -7.84    33.87        -9.79    -7.83    33.86     0.066
  -13.43     1.99   -39.61       -13.43     1.93   -39.54     0.089
    8.81   -11.01    19.84         8.81   -10.93    19.83     0.087
   27.08    -6.86    17.61        27.14    -7.03    17.67     0.193
   -1.79     7.83    58.79        -1.79     7.82    58.78     0.013
   -4.37    12.64   -14.40        -4.36    12.63   -14.39     0.016
  -29.44   -25.47   -11.59       -29.45   -25.50   -11.56     0.042
   -8.93    -0.88    53.90        -9.30    -0.93    53.94     0.370
    4.66    21.53    38.05         4.66    21.50    38.05     0.028
   -5.53   -20.65   -14.00        -5.46   -20.68   -13.97     0.083
   44.46    -1.00    -5.90        44.54    -1.05    -5.91     0.094
   -6.36    25.35    20.73        -6.32    25.24    20.72     0.114
   32.60    -2.62   -32.06        32.61    -2.62   -32.06     0.007
   -7.21     9.14   -23.76        -7.20     9.04   -23.73     0.097
    9.54    27.37   -13.88         9.53    27.38   -13.89     0.006
   19.66    22.54   -35.08        19.65    22.54   -35.06     0.032
   -5.10   -20.05   -14.09        -5.21   -20.02   -14.13     0.114
    5.52   -13.43   -22.65         5.52   -13.47   -22.67     0.052
  -17.33    -8.78   -43.01       -17.35    -8.77   -43.03     0.033
   23.32    13.18    50.04        23.29    13.17    50.04     0.029
  -13.64    11.16     3.26       -13.65    11.17     3.26     0.007
  -30.14    -0.84    -7.21       -30.13    -0.88    -7.24     0.046
   25.97   -18.31   -17.09        26.00   -18.37   -17.10     0.073
  -14.17    10.13   -18.94       -14.15    10.20   -18.90     0.075
    3.64   -12.21    11.39         3.64   -12.19    11.39     0.014
   -6.32    24.55    27.08        -6.32    24.51    27.08     0.038
   37.14    14.19    11.05        37.14    14.19    11.03     0.018
  -23.18    11.12   -19.16       -23.17    11.14   -19.16     0.022
    0.87   -15.40   -27.62         0.91   -15.44   -27.62     0.058
   -5.09     8.47   -24.09        -5.12     8.43   -24.06     0.059
  -13.74    -5.51   -42.21       -13.74    -5.51   -42.21     0.007
  -37.75    -4.67   -28.38       -37.72    -4.65   -28.38     0.035
    0.30    -6.67   -36.67         0.37    -6.64   -36.70     0.081
   16.31   -12.98     5.32        16.32   -12.88     5.28     0.102
  -25.41    -9.62   -40.76       -25.42    -9.63   -40.79     0.041
  -35.76     3.16   -15.13       -35.86     3.23   -15.11     0.126
   45.67     6.89    -0.32        45.50     6.80    -0.32     0.185
  -10.67    -7.06    32.58       -10.71    -7.11    32.49     0.115
   24.45    15.08    37.89        24.37    15.03    37.87     0.094
    3.82    -9.72   -26.34         3.82    -9.72   -26.32     0.024
  -10.85     4.76    52.06       -10.70     4.80    52.06     0.163
   14.18   -11.06    16.43        14.18   -10.98    16.42     0.079
    3.84    24.19    18.76         3.84    24.22    18.77     0.023
   23.19    18.52    28.45        23.15    18.44    28.44     0.095
  -16.52     8.43   -11.73       -16.57     8.50   -11.70     0.091
   39.59     8.42    13.22        39.66     8.43    13.18     0.084
  -22.38    -1.95    -4.75       -22.36    -1.96    -4.76     0.026
  -36.48     3.03   -18.29       -36.42     3.01   -18.29     0.061
   35.94    11.94    13.37        35.95    11.95    13.38     0.013
  -15.41     6.87   -35.04       -15.41     6.87   -35.04     0.000
  -32.09     3.46   -31.00       -32.04     3.39   -30.95     0.099
   18.25    -7.71    30.15        18.26    -7.71    30.15     0.002
   23.83    -9.72   -26.45        23.80    -9.75   -26.51     0.070
   40.49    -4.45   -12.83        40.58    -4.46   -12.74     0.125
    2.19   -11.92    14.79         2.19   -11.96    14.79     0.032
   22.52   -20.86   -10.40        22.53   -20.97   -10.36     0.115
   15.74    19.95    24.87        15.71    19.87    24.86     0.083
   43.36    -0.81   -12.46        43.43    -0.69   -12.66     0.240
  -37.36    -3.88   -30.84       -37.40    -3.92   -30.85     0.057
    0.21   -15.98   -25.24         0.21   -15.98   -25.24     0.001
   25.55    20.66    15.05        25.54    20.60    15.04     0.062
  -15.31     9.33     1.74       -15.34     9.35     1.74     0.041
  -38.88    -4.66   -12.60       -38.90    -4.65   -12.56     0.044
  -24.09    -9.87   -40.88       -24.10    -9.88   -40.95     0.068
   13.57    12.46   -21.68        13.71    12.48   -21.72     0.151
  -11.09    16.03     4.93       -10.88    15.89     4.99     0.250
  -22.97   -30.50   -21.56       -22.96   -30.54   -21.54     0.043
   10.64    20.57    35.53        10.65    20.65    35.53     0.075
  -27.76   -25.82   -32.32       -27.77   -25.85   -32.34     0.040
  -10.49    10.40   -29.03       -10.49    10.39   -29.03     0.010
   11.79     4.07    58.77        11.79     4.07    58.74     0.023
   35.50   -11.57     2.97        35.50   -11.58     2.97     0.011
   20.76    -0.88    45.19        20.71    -0.85    45.18     0.061
   22.81    22.45     9.00        22.81    22.48     9.01     0.029
   -4.59   -10.87    42.72        -4.54   -10.80    42.72     0.087
   13.27   -18.93   -15.07        13.27   -18.92   -15.07     0.012
  -19.60     0.80     1.25       -19.63     0.81     1.25     0.034
  -22.87    10.32   -29.22       -22.86    10.20   -29.18     0.129
  -22.39   -29.46   -26.99       -22.36   -29.38   -26.97     0.088
   -8.53   -11.17    23.62        -8.62   -11.30    23.63     0.163
   42.69     8.51    -5.29        42.84     8.54    -5.32     0.155
   41.49    12.48    -4.20        41.38    12.40    -4.18     0.146
   12.04    -9.64    30.41        12.09    -9.78    30.41     0.152
  -34.13   -23.77   -14.12       -34.08   -23.72   -14.14     0.071
  -37.42    -7.29   -25.20       -37.43    -7.29   -25.21     0.015
   19.34    -1.43    49.79        19.30    -1.41    49.78     0.038
   -5.26   -13.48     7.37        -5.25   -13.36     7.36     0.122
   19.61     4.41    58.33        19.57     4.42    58.28     0.062
  -28.89    -4.25    -5.54       -28.87    -4.22    -5.51     0.041
  -19.51    16.25    29.14       -19.40    16.22    29.13     0.111
  -14.38    -8.60     8.22       -14.38    -8.60     8.22     0.003
  -11.33    13.98    55.17       -11.31    13.98    55.16     0.027
   22.67     0.88    40.99        22.50     0.95    40.95     0.188
   36.99     2.26   -17.99        37.03     2.26   -18.01     0.038
   20.06   -21.52   -12.95        20.07   -21.46   -12.96     0.062
   29.60    -4.27    20.64        29.57    -4.24    20.60     0.057
   37.72    17.42    12.53        37.62    17.36    12.57     0.129
  -17.50   -11.42   -41.62       -17.49   -11.41   -41.64     0.012
   32.76   -13.48    -4.05        32.77   -13.48    -4.05     0.005
   34.29    22.10     7.22        34.30    22.11     7.22     0.021
   43.71    -2.47    -6.04        43.64    -2.42    -6.04     0.094
   -4.17   -18.65   -14.09        -4.16   -18.66   -14.09     0.013
   32.80   -13.26     0.86        32.77   -13.18     0.84     0.083
    6.51    10.82   -15.16         6.52    10.83   -15.16     0.012
   24.65    -9.17    13.86        24.60    -9.02    13.83     0.165
   23.47    15.60    43.21        23.32    15.50    43.19     0.178
  -11.32    11.95    -2.63       -11.48    12.10    -2.68     0.230
   17.91    -7.23   -25.24        17.91    -7.23   -25.26     0.020
   -7.44    19.90     6.86        -7.52    19.99     6.81     0.135
  -35.16   -16.40    -7.24       -35.23   -16.44    -7.21     0.085
   11.07    27.58    -2.06        11.07    27.51    -2.07     0.068
    8.69    28.06    -4.11         8.69    27.99    -4.12     0.066
    9.96    20.89    40.69         9.96    20.78    40.70     0.113
  -22.21    -3.15    -2.82       -22.15    -3.19    -2.85     0.075
  -11.26    17.18     8.49       -11.23    17.16     8.50     0.032
   -7.27    -8.95    48.56        -7.17    -8.85    48.54     0.135
  -17.86     6.25    -7.78       -17.99     6.32    -7.76     0.150
   -7.85   -23.94   -34.52        -7.84   -23.97   -34.54     0.037
  -40.23    -5.87   -18.57       -40.00    -5.89   -18.51     0.238
   34.70    20.70   -11.18        34.72    20.72   -11.18     0.024
  -18.79    19.40    23.73       -18.85    19.44    23.72     0.070
   38.55    -7.67    -0.13        38.59    -7.70    -0.13     0.045
  -10.79     5.27    56.81       -10.57     5.37    56.79     0.244
    9.29    -2.84   -25.52         9.28    -2.84   -25.59     0.075
  -29.44     9.46   -19.75       -29.51     9.59   -19.74     0.153
   -8.34   -23.02   -35.75        -8.33   -23.03   -35.76     0.021
   31.18    22.46     9.98        31.16    22.31     9.94     0.151
    8.64   -13.52   -22.75         8.65   -13.58   -22.81     0.088
   24.55    16.60    32.63        24.46    16.53    32.62     0.116
   30.77   -12.45     5.96        30.76   -12.38     5.94     0.069
   14.26   -19.29    -6.45        14.31   -19.13    -6.48     0.171
    7.75    -8.34   -25.52         7.76    -8.34   -25.57     0.059
   -7.97    -2.10   -40.27        -7.98    -2.11   -40.26     0.012
    3.26   -14.83    -2.28         3.25   -14.93    -2.27     0.093
  -13.86    22.57    25.93       -13.87    22.71    25.92     0.139
  -15.29    22.37    27.19       -15.28    22.36    27.19     0.007
    0.43    -3.66   -27.00         0.48    -3.64   -27.06     0.084
   42.64    -0.11   -12.14        42.61    -0.08   -12.17     0.051
  -10.23     9.82   -21.22       -10.25     9.78   -21.24     0.049
   32.34    19.20   -23.80        32.32    19.18   -23.79     0.027
   37.90    11.96    11.85        37.90    11.96    11.85     0.000
   19.82   -15.65    -1.88        19.83   -15.66    -1.88     0.012
    0.44   -11.58   -35.91         0.42   -11.57   -35.90     0.029
  -11.17    19.79    11.32       -11.11    19.77    11.35     0.071
  -31.90   -25.87   -21.08       -31.92   -25.90   -21.08     0.035
   41.32    13.41    11.39        41.43    13.43    11.39     0.113
   37.68    19.02     7.38        37.72    19.07     7.39     0.066
    2.58    26.14     8.94         2.61    26.31     8.98     0.182
   10.94   -12.71     6.03        10.93   -12.66     6.01     0.056
    9.82    19.05   -22.29         9.69    19.00   -22.34     0.153
  -11.54   -15.80    -5.47       -11.57   -15.76    -5.52     0.066
   18.98    27.11   -30.25        18.98    27.02   -30.24     0.093
  -13.75    11.59     4.22       -13.66    11.53     4.25     0.110
  -14.37    18.48    41.91       -14.42    18.52    41.94     0.070
   21.08   -17.41   -22.21        21.16   -17.42   -22.17     0.086
  -14.73    15.58    13.73       -14.61    15.50    13.83     0.179
   -2.33   -17.82   -27.90        -2.30   -17.85   -27.90     0.041
  -37.10   -20.38   -15.01       -37.06   -20.35   -15.01     0.044
   32.52     0.47   -33.65        32.54     0.47   -33.66     0.024
   25.19    26.29   -19.05        25.18    26.25   -19.05     0.040
   34.84    21.63     4.80        34.82    21.61     4.80     0.022
  -40.22   -12.53   -16.18       -40.18   -12.52   -16.18     0.037
   20.95    27.20   -15.03        20.96    27.26   -15.03     0.054
   -4.91     3.02   -37.74        -4.88     3.00   -37.72     0.046
   13.06    25.61   -19.01        13.03    25.64   -19.02     0.043
   26.16   -10.56   -28.47        26.15   -10.56   -28.48     0.015
   20.64     0.21    46.56        20.78     0.15    46.60     0.162
   -4.08    25.69    19.26        -4.07    25.71    19.26     0.023
   -4.97     7.40   -28.16        -4.97     7.40   -28.16     0.003
  -17.20    11.25   -18.59       -17.15    11.34   -18.54     0.117
    4.08    -2.77    60.30         4.08    -2.77    60.29     0.014
  -12.21     9.20   -31.98       -12.20     9.23   -31.99     0.035
   -0.13    22.62    33.97        -0.08    22.73    33.99     0.116
   -0.70   -11.78    17.20        -0.68   -11.95    17.23     0.175
   24.11    18.61    27.00        24.01    18.37    26.95     0.262
   25.47    15.62    30.94        25.55    15.69    30.97     0.106
  -18.72   -28.76   -29.56       -18.71   -28.71   -29.55     0.047
    4.96    -9.43    59.45         4.99    -9.53    59.47     0.113
  -12.13    10.03   -10.67       -12.17    10.19   -10.67     0.161
   22.43    26.96   -16.94        22.43    26.95   -16.94     0.014
   -2.27   -14.72    -3.39        -2.27   -14.73    -3.39     0.008
   36.27     4.39   -20.71        36.32     4.40   -20.73     0.048
  -15.60    12.16    13.23       -15.64    12.17    13.22     0.041
  -19.30   -15.88   -41.31       -19.30   -15.87   -41.28     0.030
  -33.24   -24.00   -24.94       -33.27   -24.02   -24.95     0.040
  -34.62     2.78   -27.19       -34.65     2.81   -27.20     0.045
   32.96   -11.34   -20.54        32.97   -11.39   -20.53     0.053
  -18.35    10.86   -16.21       -18.40    10.75   -16.25     0.125
  -38.02   -18.85   -13.80       -38.05   -18.87   -13.80     0.038
   44.95     0.23    10.17        44.98     0.22    10.19     0.037
  -17.45    -9.76     1.39       -17.47    -9.78     1.41     0.035
   31.00     5.49   -35.38        30.97     5.50   -35.32     0.073
   -8.48     3.71    59.71        -8.51     3.69    59.78     0.085
   19.03   -13.09     4.14        19.03   -13.10     4.15     0.014
   -3.45   -20.75   -23.45        -3.38   -20.73   -23.44     0.073
