150 PA5-K-Unknown-Output.txt 6
  144.5756   12.6108  -46.4282  -59.5878  -51.9533  -48.0459
   30.78   -13.12   -24.05        30.78   -13.12   -24.05     0.000
   -3.98    -0.66    40.50        -3.98    -0.66    40.50     0.000
   -8.09    -2.69    11.99        -8.09    -2.69    11.99     0.000
  -12.32    -6.51     2.61       -12.32    -6.51     2.61     0.000
    6.09     7.34    71.69         6.09     7.34    71.69     0.000
   19.08    19.65    23.97        19.08    19.65    23.97     0.000
  -42.83   -11.38   -18.34       -42.83   -11.38   -18.34     0.000
   -6.55   -19.24    -6.61        -6.55   -19.24    -6.61     0.000
   12.27    -5.13    44.12        12.27    -5.13    44.12     0.000
   16.61    -0.98    47.53        16.61    -0.98    47.53     0.000
   -6.50   -11.85     0.31        -6.50   -11.85     0.31     0.000
  -18.30   -29.07   -39.54       -18.30   -29.07   -39.54     0.000
    3.46    14.88    -0.99         3.46    14.88    -0.99     0.000
   -1.43    -6.50    17.75        -1.43    -6.50    17.75     0.000
    1.51    17.22    47.14         1.51    17.22    47.14     0.000
  -31.00   -28.27   -14.82       -31.00   -28.27   -14.82     0.000
  -38.80     3.28   -24.88       -38.80     3.28   -24.88     0.000
  -10.57   -28.37   -39.06       -10.57   -28.37   -39.06     0.000
    0.56     2.41   -26.35         0.56     2.41   -26.35     0.000
   -9.50    25.76    23.38        -9.50    25.76    23.38     0.000
  -29.32   -32.21   -24.46       -29.32   -32.21   -24.46     0.000
  -32.55    -9.38    -5.43       -32.55    -9.38    -5.43     0.000
   25.77    12.76    17.94        25.77    12.76    17.94     0.000
   17.00    11.14    64.33        17.00    11.14    64.33     0.000
  -33.14     5.03   -36.26       -33.14     5.03   -36.26     0.000
   37.23    -0.71    -2.03        37.23    -0.71    -2.03     0.000
   -6.63     2.34    41.15        -6.63     2.34    41.15     0.000
   14.29    24.08   -15.09        14.29    24.08   -15.09     0.000
  -37.04     4.79   -23.13       -37.04     4.79   -23.13     0.000
   11.60    -4.96   -27.05        11.60    -4.96   -27.05     0.000
   22.21   -11.54    -7.79        22.21   -11.54    -7.79     0.000
   27.43    21.50     2.39        27.43    21.50     2.39     0.000
  -44.91    -5.90   -25.84       -44.91    -5.90   -25.84     0.000
   25.56    24.07    -6.61        25.56    24.07    -6.61     0.000
   33.78     7.98   -29.56        33.78     7.98   -29.56     0.000
   -7.43   -27.11   -13.25        -7.43   -27.11   -13.25     0.000
    0.28    22.67    24.06         0.28    22.67    24.06     0.000
  -38.97    -9.54    -9.47       -38.97    -9.54    -9.47     0.000
  -16.25    22.46    24.10       -16.25    22.46    24.10     0.000
  -21.66    -7.36   -48.16       -21.66    -7.36   -48.16     0.000
  -17.20   -21.54   -46.76       -17.20   -21.54   -46.76     0.000
   12.34    17.20   -13.66        12.34    17.20   -13.66     0.000
   34.13    -5.41   -27.59        34.13    -5.41   -27.59     0.000
  -40.12   -15.30   -13.72       -40.12   -15.30   -13.72     0.000
  -37.02   -22.98   -16.45       -37.02   -22.98   -16.45     0.000
   32.54     8.72   -31.30        32.54     8.72   -31.30     0.000
    7.25    17.20    -5.79         7.25    17.20    -5.79     0.000
  -26.33   -28.60   -38.88       -26.33   -28.60   -38.88     0.000
   36.81     7.95   -20.05        36.81     7.95   -20.05     0.000
   20.61    21.87    13.27        20.61    21.87    13.27     0.000
   28.19   -12.65   -18.04        28.19   -12.65   -18.04     0.000
   28.74    -8.46    -5.15        28.74    -8.46    -5.15     0.000
   -2.74    14.78    50.67        -2.74    14.78    50.67     0.000
   -2.10     1.88   -29.38        -2.10     1.88   -29.38     0.000
   32.70    18.37   -14.81        32.70    18.37   -14.81     0.000
  -23.07   -22.84   -45.28       -23.07   -22.84   -45.28     0.000
   31.32    -9.24   -29.83        31.32    -9.24   -29.83     0.000
   -1.87    -6.69    15.49        -1.87    -6.69    15.49     0.000
  -16.99    14.93   -24.43       -16.99    14.93   -24.43     0.000
   21.73   -10.10   -31.70        21.73   -10.10   -31.70     0.000
  -15.78    13.43    31.41       -15.78    13.43    31.41     0.000
  -27.71   -13.04   -47.19       -27.71   -13.04   -47.19     0.000
   35.81     2.16   -27.72        35.81     2.16   -27.72     0.000
  -43.54    -3.74   -24.76       -43.54    -3.74   -24.76     0.000
   -4.35    -0.22    49.45        -4.35    -0.22    49.45     0.000
    3.22   -20.44   -20.11         3.22   -20.44   -20.11     0.000
  -15.72   -16.68    -2.56       -15.72   -16.68    -2.56     0.000
  -36.21   -25.46   -30.87       -36.21   -25.46   -30.87     0.000
  -38.36   -11.20   -41.96       -38.36   -11.20   -41.96     0.000
  -23.31   -11.07   -48.65       -23.31   -11.07   -48.65     0.000
  -16.33     7.40   -13.22       -16.33     7.40   -13.22     0.000
    9.60     2.30    72.32         9.60     2.30    72.32     0.000
   32.85    12.99     5.87        32.85    12.99     5.87     0.000
    1.43    16.57    51.50         1.43    16.57    51.50     0.000
  -39.33   -14.00   -34.71       -39.33   -14.00   -34.71     0.000
   -8.78    -9.32     3.39        -8.78    -9.32     3.39     0.000
    8.58     4.46    72.24         8.58     4.46    72.24     0.000
   -2.42    16.76    46.44        -2.42    16.76    46.44     0.000
   28.38     9.31   -33.64        28.38     9.31   -33.64     0.000
   28.90    20.45     1.69        28.90    20.45     1.69     0.000
   17.65    19.63    36.18        17.65    19.63    36.18     0.000
    1.36     7.73   -19.75         1.36     7.73   -19.75     0.000
  -10.62   -10.82     0.32       -10.62   -10.82     0.32     0.000
   36.46    11.06   -17.08        36.46    11.06   -17.08     0.000
   -7.70     7.79    43.42        -7.70     7.79    43.42     0.000
   12.59    16.39    67.66        12.59    16.39    67.66     0.000
  -42.17   -19.31   -26.78       -42.17   -19.31   -26.78     0.000
    9.30    23.44    13.62         9.30    23.44    13.62     0.000
  -10.80     4.37     1.73       -10.80     4.37     1.73     0.000
   33.03     0.39     5.67        33.03     0.39     5.67     0.000
  -10.66   -21.13    -7.05       -10.66   -21.13    -7.05     0.000
   17.51    10.51    60.86        17.51    10.51    60.86     0.000
   -5.90     6.67   -33.58        -5.90     6.67   -33.58     0.000
  -19.48    14.98   -21.86       -19.48    14.98   -21.86     0.000
    2.50    -3.05   -27.02         2.50    -3.05   -27.02     0.000
    4.74    -1.26    71.71         4.74    -1.26    71.71     0.000
   19.33   -16.06    -8.68        19.33   -16.06    -8.68     0.000
    9.31    17.16   -10.04         9.31    17.16   -10.04     0.000
   11.96   -14.95   -20.39        11.96   -14.95   -20.39     0.000
  -29.30   -32.20   -26.27       -29.30   -32.20   -26.27     0.000
   31.97    18.98   -12.13        31.97    18.98   -12.13     0.000
   14.65    -1.23    63.03        14.65    -1.23    63.03     0.000
   37.82     9.88   -14.88        37.82     9.88   -14.88     0.000
   15.28     2.87   -27.01        15.28     2.87   -27.01     0.000
   -6.74    -0.30   -39.75        -6.74    -0.30   -39.75     0.000
  -18.18   -18.53   -47.83       -18.18   -18.53   -47.83     0.000
   -6.03     9.29   -16.45        -6.03     9.29   -16.45     0.000
  -34.76    -3.73   -42.08       -34.76    -3.73   -42.08     0.000
   -8.65     3.04    67.69        -8.65     3.04    67.69     0.000
    7.54     2.67    72.47         7.54     2.67    72.47     0.000
   13.69    15.39   -18.09        13.69    15.39   -18.09     0.000
   -7.09    12.51    44.12        -7.09    12.51    44.12     0.000
   -2.13    -4.77    70.41        -2.13    -4.77    70.41     0.000
  -37.22     0.85   -37.65       -37.22     0.85   -37.65     0.000
   11.75    21.19   -30.13        11.75    21.19   -30.13     0.000
    3.08    19.26    35.04         3.08    19.26    35.04     0.000
   -8.70     5.52    56.43        -8.70     5.52    56.43     0.000
  -13.29    14.43   -22.29       -13.29    14.43   -22.29     0.000
   31.62     8.46   -32.62        31.62     8.46   -32.62     0.000
   18.89    -8.52     3.16        18.89    -8.52     3.16     0.000
   38.48     2.07    -3.42        38.48     2.07    -3.42     0.000
   -4.74     0.08    41.41        -4.74     0.08    41.41     0.000
   12.39    13.93    72.23        12.39    13.93    72.23     0.000
  -36.91     3.65   -32.55       -36.91     3.65   -32.55     0.000
   15.66    26.88     0.61        15.66    26.88     0.61     0.000
   18.14    11.21    54.56        18.14    11.21    54.56     0.000
   27.40    19.59     7.34        27.40    19.59     7.34     0.000
  -28.92     3.84   -40.57       -28.92     3.84   -40.57     0.000
   24.05    24.62   -11.12        24.05    24.62   -11.12     0.000
   30.86    -3.30     5.16        30.86    -3.30     5.16     0.000
    2.75   -12.40    -1.56         2.75   -12.40    -1.56     0.000
   16.18   -14.32    -5.19        16.18   -14.32    -5.19     0.000
  -28.36   -26.62   -39.84       -28.36   -26.62   -39.84     0.000
  -19.85    -9.80    -2.36       -19.85    -9.80    -2.36     0.000
    8.38    -5.88    26.36         8.38    -5.88    26.36     0.000
   16.57     7.81   -24.50        16.57     7.81   -24.50     0.000
   21.22    11.49    33.45        21.22    11.49    33.45     0.000
  -28.09    12.61   -23.83       -28.09    12.61   -23.83     0.000
   12.50    -4.90    47.03        12.50    -4.90    47.03     0.000
  -22.48    11.34   -35.40       -22.48    11.34   -35.40     0.000
  -21.70    -4.76    -5.33       -21.70    -4.76    -5.33     0.000
  -19.14     1.56    -8.31       -19.14     1.56    -8.31     0.000
   18.22     1.86   -30.17        18.22     1.86   -30.17     0.000
   -3.80   -23.19   -36.41        -3.80   -23.19   -36.41     0.000
  -22.36   -17.13   -47.91       -22.36   -17.13   -47.91     0.000
   15.05     2.33   -27.00        15.05     2.33   -27.00     0.000
  -25.19   -20.46   -46.50       -25.19   -20.46   -46.50     0.000
   -4.32    -2.14    61.36        -4.32    -2.14    61.36     0.000
  -33.18   -25.69   -36.78       -33.18   -25.69   -36.78     0.000
   -6.63    17.13    12.81        -6.63    17.13    12.81     0.000
