15 PA3-C-Debug-Answer.txt 0
   10.43    22.51    28.46        10.43    22.88    28.53     0.379
   -6.15    16.80     8.71        -5.23    15.69     9.65     1.716
   -0.13    19.13    49.05         0.12    18.65    48.96     0.554
   -6.30   -19.34   -42.57        -6.80   -19.16   -42.14     0.685
   22.17    20.31   -28.09        21.83    19.98   -27.40     0.827
   -8.97    -0.80    26.73        -7.99    -0.65    26.52     1.015
  -30.16   -19.33   -48.10       -30.07   -18.35   -46.13     2.213
  -43.16   -11.48   -20.68       -43.11   -11.48   -20.69     0.054
   18.02    25.78     4.04        18.19    26.51     4.12     0.758
    2.24   -16.14   -24.60         2.25   -16.15   -24.61     0.017
   -1.92    12.22    -4.88        -1.32    11.49    -4.50     1.017
   -7.07    -1.48    49.24        -5.61    -0.98    49.21     1.545
  -14.93    12.49    27.75       -15.00    12.44    27.76     0.082
   27.91    11.30   -29.90        27.59    11.03   -29.50     0.580
  -23.09     9.57   -39.70       -23.02     8.06   -38.83     1.739
