15 PA3-D-Debug-Answer.txt 0
  -15.67   -15.46   -49.99       -15.97   -14.85   -48.18     1.926
   -6.11    -5.86    40.26        -4.03    -4.24    39.63     2.704
    5.93    -6.78    39.48         5.94    -6.92    39.48     0.140
   12.28    23.35    17.00        12.32    24.54    17.15     1.206
   18.92    20.02    22.40        20.04    21.91    22.92     2.256
  -42.22    -1.67   -29.73       -42.17    -1.70   -29.71     0.062
  -14.48    -8.21     3.70       -13.87    -7.68     3.17     0.970
    4.91   -16.17   -20.78         4.64   -15.91   -20.61     0.410
    3.77    23.71     5.81         4.36    23.24     5.90     0.756
  -39.35     1.84   -32.63       -39.08     1.66   -32.53     0.338
   28.83     3.68    17.09        30.72     3.58    18.12     2.150
  -20.73   -19.83    -8.23       -20.72   -20.55    -6.95     1.468
   19.98    14.83   -30.91        20.12    14.86   -31.14     0.271
   29.62     0.66    15.85        30.96     0.27    16.71     1.640
   24.54   -12.49   -21.55        24.33   -11.91   -21.12     0.754
