75 PA4-A-Demo-Fast-Output.txt 0
  -36.99     2.71   -35.28       -36.99     2.71   -35.28     0.000
    3.72    12.43    63.22         3.72    12.43    63.22     0.000
   -6.76    -1.08    32.65        -6.76    -1.08    32.65     0.000
  -11.82    17.59    36.41       -11.82    17.59    36.41     0.000
  -37.97   -23.51   -19.54       -37.97   -23.51   -19.54     0.000
   20.90    -9.57     4.64        20.90    -9.57     4.64     0.000
  -43.27    -4.55   -23.57       -43.27    -4.55   -23.57     0.000
    7.38    24.05    20.27         7.38    24.05    20.27     0.000
   24.94   -13.30    -6.43        24.94   -13.30    -6.43     0.000
   36.80    -0.86     9.23        36.80    -0.86     9.23     0.000
   -5.37   -21.76   -38.05        -5.37   -21.76   -38.05     0.000
   35.44    -3.01     9.33        35.44    -3.01     9.33     0.000
  -15.58   -28.69   -15.51       -15.58   -28.69   -15.51     0.000
   -6.81   -17.87   -42.46        -6.81   -17.87   -42.46     0.000
  -29.33     6.89   -37.82       -29.33     6.89   -37.82     0.000
   18.23    19.84    40.51        18.23    19.84    40.51     0.000
  -10.04   -28.13   -18.24       -10.04   -28.13   -18.24     0.000
  -23.19     7.98   -38.97       -23.19     7.98   -38.97     0.000
   -3.97   -17.50   -39.53        -3.97   -17.50   -39.53     0.000
   29.89    -5.78    11.25        29.89    -5.78    11.25     0.000
   18.56   -13.84    -1.34        18.56   -13.84    -1.34     0.000
   17.76    16.87    57.28        17.76    16.87    57.28     0.000
  -38.37   -19.20   -14.91       -38.37   -19.20   -14.91     0.000
   -1.80    17.91    47.72        -1.80    17.91    47.72     0.000
    7.03   -14.76   -18.38         7.03   -14.76   -18.38     0.000
  -39.39   -19.23   -16.41       -39.39   -19.23   -16.41     0.000
   16.25     4.60   -21.32        16.25     4.60   -21.32     0.000
  -14.26    10.88   -22.16       -14.26    10.88   -22.16     0.000
   -5.61   -23.31   -36.67        -5.61   -23.31   -36.67     0.000
   -0.08   -12.48     3.06        -0.08   -12.48     3.06     0.000
   -3.43    -4.03    58.38        -3.43    -4.03    58.38     0.000
   17.16    26.32    -8.09        17.16    26.32    -8.09     0.000
   10.84    26.47     5.08        10.84    26.47     5.08     0.000
   -2.18   -13.53    -0.05        -2.18   -13.53    -0.05     0.000
   38.31     7.62    -9.91        38.31     7.62    -9.91     0.000
   -2.40    -6.40   -36.85        -2.40    -6.40   -36.85     0.000
   -5.95   -24.08   -16.51        -5.95   -24.08   -16.51     0.000
  -21.03   -29.33   -14.42       -21.03   -29.33   -14.42     0.000
   10.09    24.93    -2.95        10.09    24.93    -2.95     0.000
   24.09    -7.83     7.60        24.09    -7.83     7.60     0.000
   18.71    -4.13    38.38        18.71    -4.13    38.38     0.000
  -24.17     3.19   -43.86       -24.17     3.19   -43.86     0.000
   22.13    25.20   -11.29        22.13    25.20   -11.29     0.000
   -8.66     7.79    -5.45        -8.66     7.79    -5.45     0.000
   12.51    21.79   -18.03        12.51    21.79   -18.03     0.000
  -28.21   -31.53   -28.07       -28.21   -31.53   -28.07     0.000
   -7.42    13.66    41.72        -7.42    13.66    41.72     0.000
    8.91    22.37    31.70         8.91    22.37    31.70     0.000
   -3.30    15.61     7.56        -3.30    15.61     7.56     0.000
    0.74   -18.12   -25.94         0.74   -18.12   -25.94     0.000
  -13.26    10.68   -26.44       -13.26    10.68   -26.44     0.000
   35.72    -1.23    10.67        35.72    -1.23    10.67     0.000
  -21.33    12.10   -25.18       -21.33    12.10   -25.18     0.000
   12.05    25.59    -6.32        12.05    25.59    -6.32     0.000
   21.08    -2.40    37.43        21.08    -2.40    37.43     0.000
   -6.77     2.89    57.33        -6.77     2.89    57.33     0.000
  -15.71   -21.76    -8.75       -15.71   -21.76    -8.75     0.000
   14.69    -9.52    10.42        14.69    -9.52    10.42     0.000
   -9.98    24.35    22.17        -9.98    24.35    22.17     0.000
  -34.03   -26.37   -17.40       -34.03   -26.37   -17.40     0.000
   13.80    14.01   -17.02        13.80    14.01   -17.02     0.000
  -32.25     5.45   -37.67       -32.25     5.45   -37.67     0.000
    0.28    -4.94   -27.58         0.28    -4.94   -27.58     0.000
   -5.90     4.53   -28.59        -5.90     4.53   -28.59     0.000
  -32.98   -26.41   -16.04       -32.98   -26.41   -16.04     0.000
   33.46     4.23    14.10        33.46     4.23    14.10     0.000
   22.37     8.16    51.62        22.37     8.16    51.62     0.000
  -34.73     7.08   -29.16       -34.73     7.08   -29.16     0.000
   28.97    -7.49     7.26        28.97    -7.49     7.26     0.000
   21.47    25.58     3.11        21.47    25.58     3.11     0.000
   27.59   -11.15    -3.22        27.59   -11.15    -3.22     0.000
   14.29    22.20   -28.54        14.29    22.20   -28.54     0.000
  -28.56     9.04   -18.63       -28.56     9.04   -18.63     0.000
  -24.49   -31.10   -17.89       -24.49   -31.10   -17.89     0.000
    4.51    -4.44   -24.07         4.51    -4.44   -24.07     0.000
