75 PA4-B-Demo-Slow-Output.txt 0
    3.96    24.19    11.99         3.96    24.19    11.99     0.000
   14.96    -2.10   -22.19        14.96    -2.10   -22.19     0.000
  -34.62     2.97   -38.21       -34.62     2.97   -38.21     0.000
  -17.56   -13.39   -48.68       -17.56   -13.39   -48.68     0.000
  -25.23   -29.51   -37.45       -25.23   -29.51   -37.45     0.000
    0.31    -7.57   -28.67         0.31    -7.57   -28.67     0.000
  -14.67   -31.01   -32.37       -14.67   -31.01   -32.37     0.000
   14.33    -6.41    26.17        14.33    -6.41    26.17     0.000
  -31.07     5.84   -38.18       -31.07     5.84   -38.18     0.000
  -31.32   -26.28   -14.69       -31.32   -26.28   -14.69     0.000
  -11.09   -21.78   -43.40       -11.09   -21.78   -43.40     0.000
  -12.38    11.82    17.28       -12.38    11.82    17.28     0.000
  -13.56     2.35     6.08       -13.56     2.35     6.08     0.000
   -9.22    13.24    12.72        -9.22    13.24    12.72     0.000
   17.82     3.14   -22.79        17.82     3.14   -22.79     0.000
   18.72   -14.65    -2.58        18.72   -14.65    -2.58     0.000
   38.29     0.74     7.59        38.29     0.74     7.59     0.000
    3.99    21.95    33.12         3.99    21.95    33.12     0.000
   39.71     4.36     2.63        39.71     4.36     2.63     0.000
   18.22    -7.10    15.93        18.22    -7.10    15.93     0.000
   10.73    -6.35    34.91        10.73    -6.35    34.91     0.000
  -15.61     5.53   -11.62       -15.61     5.53   -11.62     0.000
   17.10    21.88    32.98        17.10    21.88    32.98     0.000
  -29.81     3.56   -13.77       -29.81     3.56   -13.77     0.000
   18.89    15.51    57.55        18.89    15.51    57.55     0.000
   -4.04    -3.43    59.86        -4.04    -3.43    59.86     0.000
  -38.65   -16.73   -13.56       -38.65   -16.73   -13.56     0.000
   -0.64    18.67     7.22        -0.64    18.67     7.22     0.000
  -37.19    -3.66   -41.24       -37.19    -3.66   -41.24     0.000
   -0.79    18.39     7.06        -0.79    18.39     7.06     0.000
   15.37    18.38    60.53        15.37    18.38    60.53     0.000
  -10.58    16.13    37.38       -10.58    16.13    37.38     0.000
   14.58    21.95    39.01        14.58    21.95    39.01     0.000
   23.39    12.22    39.32        23.39    12.22    39.32     0.000
   -3.78    -3.81    46.13        -3.78    -3.81    46.13     0.000
   26.40    15.40    21.34        26.40    15.40    21.34     0.000
   12.50    21.75   -18.13        12.50    21.75   -18.13     0.000
    8.50    23.60    -3.64         8.50    23.60    -3.64     0.000
   -8.32     3.14    27.80        -8.32     3.14    27.80     0.000
   22.22     4.56    50.96        22.22     4.56    50.96     0.000
   24.14    10.61    37.96        24.14    10.61    37.96     0.000
   14.14    27.08    -0.23        14.14    27.08    -0.23     0.000
   -4.80    -2.53    55.65        -4.80    -2.53    55.65     0.000
  -19.86    12.22   -26.02       -19.86    12.22   -26.02     0.000
   -0.28    16.57     4.01        -0.28    16.57     4.01     0.000
   21.53    18.65    30.49        21.53    18.65    30.49     0.000
   32.01    -8.72   -15.89        32.01    -8.72   -15.89     0.000
   14.36     7.44    63.09        14.36     7.44    63.09     0.000
   -9.55   -27.82   -18.02        -9.55   -27.82   -18.02     0.000
  -29.03     8.72   -33.67       -29.03     8.72   -33.67     0.000
   33.14    16.72     7.72        33.14    16.72     7.72     0.000
    3.53    24.00    20.59         3.53    24.00    20.59     0.000
   33.39    17.56     0.93        33.39    17.56     0.93     0.000
   19.61   -16.41    -5.46        19.61   -16.41    -5.46     0.000
  -10.19   -16.93   -44.97       -10.19   -16.93   -44.97     0.000
  -11.88     8.51    18.75       -11.88     8.51    18.75     0.000
    6.74    23.98    20.59         6.74    23.98    20.59     0.000
   32.89    15.66   -17.40        32.89    15.66   -17.40     0.000
   -1.72     2.81   -24.66        -1.72     2.81   -24.66     0.000
   -3.08    19.70    41.00        -3.08    19.70    41.00     0.000
   16.64    25.16    12.18        16.64    25.16    12.18     0.000
   -1.95    20.40    11.03        -1.95    20.40    11.03     0.000
   21.46    17.95    33.22        21.46    17.95    33.22     0.000
  -36.60     5.74   -27.92       -36.60     5.74   -27.92     0.000
  -12.69    23.56    23.12       -12.69    23.56    23.12     0.000
   11.79     6.03   -16.36        11.79     6.03   -16.36     0.000
  -21.58   -26.63   -11.00       -21.58   -26.63   -11.00     0.000
   -7.52     8.19    -5.89        -7.52     8.19    -5.89     0.000
    6.12    22.18    31.84         6.12    22.18    31.84     0.000
   14.50    -5.36    51.16        14.50    -5.36    51.16     0.000
   -4.39   -26.11   -25.82        -4.39   -26.11   -25.82     0.000
   16.21   -17.41    -9.96        16.21   -17.41    -9.96     0.000
   32.92     9.38   -24.33        32.92     9.38   -24.33     0.000
  -15.97    15.67    20.62       -15.97    15.67    20.62     0.000
   17.28    -6.40    22.39        17.28    -6.40    22.39     0.000
