200 PA4-D-Debug-Output.txt 0
   -7.74    11.90     9.08        -7.74    11.90     9.08     0.000
  -39.02    -7.91   -12.27       -39.02    -7.91   -12.27     0.000
   -0.22    17.51     5.16        -0.22    17.51     5.16     0.000
   -5.87   -19.72   -40.74        -5.87   -19.72   -40.74     0.000
   -0.53   -19.74   -14.68        -0.53   -19.74   -14.68     0.000
   -7.37    12.55    41.82        -7.37    12.55    41.82     0.000
  -32.14   -21.52   -42.76       -32.14   -21.52   -42.76     0.000
  -36.85   -25.61   -29.60       -36.85   -25.61   -29.60     0.000
    0.50    18.66     5.55         0.50    18.66     5.55     0.000
   20.50     8.08   -28.94        20.50     8.08   -28.94     0.000
   35.67     7.84    10.52        35.67     7.84    10.52     0.000
   -5.97     0.04    56.91        -5.97     0.04    56.91     0.000
   12.79    -8.28   -21.62        12.79    -8.28   -21.62     0.000
   -2.19    -4.07   -30.42        -2.19    -4.07   -30.42     0.000
    1.25   -11.68     8.27         1.25   -11.68     8.27     0.000
  -11.59    18.04    36.45       -11.60    18.04    36.45     0.000
   24.49    -3.85    21.96        24.49    -3.85    21.96     0.000
  -13.21   -31.17   -24.61       -13.21   -31.17   -24.61     0.000
   24.37    10.01    37.92        24.37    10.01    37.92     0.000
   37.16    13.01     3.64        37.16    13.01     3.64     0.000
   -2.03     9.62    -9.47        -2.03     9.62    -9.47     0.000
  -15.44   -24.77   -10.86       -15.44   -24.77   -10.86     0.000
   -4.30    -3.09    54.63        -4.30    -3.09    54.63     0.001
   -6.30    -1.46    35.75        -6.30    -1.46    35.75     0.000
   -5.93    15.90    11.12        -5.93    15.90    11.12     0.000
   -7.03     9.02    -1.76        -7.03     9.02    -1.76     0.000
    8.33    -5.78    63.42         8.33    -5.78    63.42     0.000
   28.40     9.90   -29.58        28.40     9.90   -29.58     0.000
  -13.17    -1.39     8.81       -13.17    -1.39     8.81     0.000
   27.97    -6.79    10.31        27.97    -6.79    10.31     0.001
   29.50     4.41   -28.84        29.50     4.41   -28.84     0.000
  -35.31     0.61   -40.33       -35.31     0.61   -40.33     0.000
   -7.07   -20.38   -41.52        -7.07   -20.38   -41.52     0.000
   -8.01     2.73    28.94        -8.01     2.73    28.94     0.000
   30.99    20.15   -11.58        30.99    20.15   -11.58     0.000
   12.56    22.74   -15.00        12.56    22.74   -15.00     0.001
    4.55     4.87    63.40         4.55     4.87    63.40     0.000
  -13.83    22.92    25.17       -13.83    22.92    25.17     0.001
  -26.30   -22.44    -8.00       -26.30   -22.44    -8.00     0.000
   29.43    10.45    19.30        29.43    10.45    19.30     0.000
  -29.15   -26.59   -12.98       -29.15   -26.59   -12.98     0.000
   22.66    10.05    48.75        22.66    10.05    48.75     0.000
   -3.77    16.74     9.37        -3.77    16.74     9.37     0.000
   24.59     6.09    37.95        24.59     6.09    37.95     0.000
  -14.85     2.53     1.56       -14.85     2.53     1.56     0.000
  -12.65   -26.89   -14.51       -12.65   -26.89   -14.51     0.000
   18.57    26.56    -4.63        18.57    26.56    -4.63     0.000
    8.75   -11.79   -20.92         8.75   -11.79   -20.92     0.000
  -34.99   -10.76   -45.36       -34.99   -10.76   -45.36     0.000
  -39.20     2.06   -31.37       -39.20     2.06   -31.37     0.000
  -30.47    -3.88    -9.54       -30.47    -3.88    -9.54     0.000
    4.65   -14.61   -21.99         4.65   -14.61   -21.99     0.000
   20.27    -6.72   -23.95        20.27    -6.72   -23.95     0.000
   33.39    -7.16   -13.08        33.39    -7.16   -13.08     0.001
    2.18   -11.83     8.63         2.18   -11.83     8.63     0.000
   17.17    22.33    28.56        17.17    22.33    28.56     0.000
  -14.24     3.93    -0.76       -14.24     3.93    -0.76     0.000
    6.37   -12.69   -21.93         6.37   -12.69   -21.93     0.000
   -6.74     3.39    59.22        -6.74     3.39    59.22     0.000
  -16.16    18.80    25.78       -16.16    18.80    25.78     0.000
   36.14     4.52   -17.83        36.14     4.52   -17.83     0.001
  -40.02   -13.90   -34.82       -40.02   -13.90   -34.82     0.000
   29.46     0.19   -28.13        29.46     0.19   -28.13     0.001
  -17.05   -20.84   -46.03       -17.05   -20.84   -46.03     0.000
  -29.80     7.24   -36.65       -29.80     7.24   -36.65     0.000
   14.25    22.57    32.09        14.25    22.57    32.09     0.000
  -40.25   -19.92   -31.96       -40.25   -19.92   -31.96     0.000
   21.45     8.81    58.68        21.45     8.81    58.68     0.000
  -39.55   -18.20   -35.17       -39.55   -18.20   -35.17     0.000
   28.24    -2.55   -27.16        28.24    -2.55   -27.16     0.001
  -36.82   -17.42   -41.36       -36.82   -17.42   -41.36     0.000
    2.97   -16.47   -22.52         2.97   -16.47   -22.52     0.000
   -6.93     4.30    38.70        -6.93     4.30    38.70     0.000
  -30.91    -4.33    -9.34       -30.91    -4.33    -9.34     0.000
   -0.17   -14.36   -33.75        -0.17   -14.36   -33.75     0.000
    7.04    -9.38    16.07         7.04    -9.38    16.07     0.000
  -11.84   -29.93   -32.13       -11.84   -29.93   -32.13     0.000
   11.44    18.30   -13.51        11.44    18.30   -13.51     0.000
   26.04     7.79   -30.33        26.04     7.79   -30.33     0.000
    9.97    -6.50    42.52         9.97    -6.50    42.52     0.001
  -14.23     7.00   -13.92       -14.23     7.00   -13.92     0.000
  -26.30   -25.64   -10.48       -26.30   -25.64   -10.48     0.000
  -17.03    -4.84     0.62       -17.03    -4.84     0.62     0.000
    5.79   -12.37     7.36         5.79   -12.37     7.36     0.000
   13.14    -6.04    49.03        13.14    -6.04    49.03     0.001
   35.24    14.61     7.11        35.24    14.61     7.11     0.000
   10.55    -6.08    62.95        10.55    -6.08    62.95     0.002
   11.25    24.12    20.28        11.25    24.12    20.28     0.000
   19.82    -7.20    14.13        19.82    -7.20    14.13     0.000
  -40.71     0.84   -24.30       -40.71     0.84   -24.30     0.000
  -17.67   -13.69   -48.69       -17.67   -13.69   -48.69     0.000
   14.23    22.02    35.57        14.23    22.02    35.57     0.001
   39.62     8.03    -0.45        39.62     8.03    -0.45     0.000
  -29.34    10.41   -25.51       -29.34    10.41   -25.51     0.000
  -21.11   -31.59   -34.61       -21.11   -31.59   -34.61     0.000
   -6.31   -12.40     1.97        -6.31   -12.40     1.97     0.000
  -15.09   -30.15   -18.56       -15.09   -30.15   -18.56     0.000
   33.96    16.65   -11.04        33.96    16.65   -11.04     0.000
   35.02    15.25     6.40        35.02    15.25     6.40     0.000
   15.26    24.85   -12.85        15.26    24.85   -12.85     0.001
   -5.59    -3.91    33.22        -5.59    -3.91    33.22     0.000
   31.13    -6.41   -23.25        31.13    -6.41   -23.25     0.001
   -0.63   -17.67   -34.08        -0.63   -17.67   -34.08     0.000
   35.28    -3.95    -8.60        35.28    -3.95    -8.60     0.001
   19.09   -10.16   -21.27        19.09   -10.16   -21.27     0.001
   13.79    21.51   -29.17        13.79    21.51   -29.17     0.000
   -1.83   -22.06   -30.94        -1.83   -22.06   -30.94     0.000
   -8.15    25.06    25.26        -8.15    25.06    25.26     0.001
    1.30   -16.54   -26.23         1.30   -16.54   -26.23     0.000
   35.34     4.00   -19.94        35.34     4.00   -19.94     0.000
   22.22    -3.09    30.29        22.22    -3.09    30.29     0.000
    0.82   -17.19    -8.20         0.82   -17.19    -8.20     0.000
   37.17    12.51    -5.12        37.17    12.51    -5.12     0.001
   -1.80     4.09    63.39        -1.80     4.09    63.39     0.000
  -16.31    17.05    22.82       -16.31    17.05    22.82     0.000
  -19.18    -1.17    -4.44       -19.18    -1.17    -4.44     0.000
   21.87     6.99    55.73        21.87     6.99    55.73     0.000
    7.21    -8.38    19.27         7.21    -8.38    19.27     0.000
  -11.26    -6.97     6.91       -11.26    -6.97     6.91     0.000
  -10.84     0.18    15.71       -10.84     0.18    15.71     0.000
   -8.27    24.52    29.31        -8.27    24.52    29.31     0.001
  -36.89   -19.81   -13.14       -36.89   -19.81   -13.14     0.000
  -26.72   -31.84   -30.85       -26.72   -31.84   -30.85     0.000
   -4.03   -11.85   -40.96        -4.03   -11.85   -40.96     0.000
    3.41    -6.97    47.11         3.41    -6.97    47.11     0.001
   10.71    -9.97    11.84        10.71    -9.97    11.84     0.000
   -4.31   -24.25   -19.52        -4.31   -24.25   -19.52     0.000
  -15.29    -3.69   -47.25       -15.29    -3.69   -47.25     0.000
   34.96    15.58    -8.61        34.96    15.58    -8.61     0.000
   37.38    -1.51    -5.44        37.38    -1.51    -5.44     0.001
  -25.13    11.02   -20.14       -25.13    11.02   -20.14     0.000
    3.77    24.45    15.25         3.77    24.45    15.25     0.000
  -34.59     6.72   -21.93       -34.59     6.72   -21.93     0.000
   35.17    15.32    -0.79        35.17    15.32    -0.79     0.000
    6.76    -3.05    63.39         6.76    -3.05    63.39     0.000
    3.44   -16.63    -7.97         3.44   -16.63    -7.97     0.000
    1.36    23.64    26.46         1.36    23.64    26.46     0.001
   24.70    24.37     1.22        24.70    24.37     1.22     0.000
  -32.52   -12.56   -46.55       -32.52   -12.56   -46.55     0.000
    2.94    24.11    18.50         2.94    24.11    18.50     0.000
   -9.01    12.51    11.71        -9.01    12.51    11.71     0.000
   -6.84    -0.32    33.45        -6.84    -0.32    33.45     0.000
   -8.45     6.42   -32.06        -8.45     6.42   -32.06     0.000
    7.86    -6.71    42.22         7.86    -6.71    42.22     0.001
   22.11    18.32    29.82        22.11    18.32    29.82     0.000
   17.53   -10.49   -20.32        17.53   -10.49   -20.31     0.000
  -11.17    -9.18   -47.25       -11.17    -9.18   -47.25     0.000
  -24.51   -32.52   -29.33       -24.51   -32.52   -29.33     0.000
    1.80    17.60     2.83         1.80    17.60     2.83     0.000
  -12.67    10.43   -22.45       -12.67    10.43   -22.45     0.000
   24.66    16.41   -27.84        24.66    16.41   -27.84     0.000
   29.17    -2.83    16.06        29.17    -2.83    16.06     0.000
   10.21   -15.12     0.21        10.21   -15.12     0.20     0.001
   17.33    22.91    22.95        17.33    22.91    22.95     0.000
   27.10    -8.99   -23.55        27.10    -8.99   -23.55     0.000
   20.49    -8.26     9.31        20.49    -8.26     9.31     0.000
   22.26     9.68    51.62        22.26     9.68    51.62     0.000
  -37.55     4.89   -27.32       -37.55     4.89   -27.32     0.000
  -41.16    -0.94   -31.53       -41.16    -0.94   -31.53     0.000
    7.99    25.73     6.49         7.99    25.73     6.49     0.000
   -3.14    -4.48    50.73        -3.14    -4.48    50.73     0.001
    6.96    20.53    49.56         6.96    20.53    49.56     0.001
  -10.27     9.42   -22.98       -10.27     9.42   -22.98     0.000
   19.04    16.18    52.46        19.04    16.18    52.46     0.000
  -33.20   -14.19    -7.83       -33.20   -14.19    -7.83     0.000
   12.48    23.47   -11.99        12.48    23.47   -11.99     0.001
    6.09    19.17    -4.27         6.09    19.17    -4.27     0.000
  -39.91   -10.91   -33.87       -39.91   -10.91   -33.87     0.000
   -4.60    13.58    52.91        -4.60    13.58    52.91     0.001
   37.37     2.22     9.59        37.37     2.22     9.59     0.000
   18.79    25.47   -20.07        18.79    25.47   -20.07     0.001
  -11.54     7.63    17.12       -11.54     7.63    17.12     0.000
    2.76   -17.82   -11.34         2.76   -17.82   -11.34     0.000
   10.29    -6.64    51.11        10.29    -6.64    51.11     0.001
   19.49    -7.59   -23.52        19.49    -7.59   -23.52     0.000
   20.47    22.40    19.07        20.47    22.40    19.07     0.000
   30.95    16.21   -21.79        30.95    16.21   -21.79     0.000
   10.09    -6.80    52.83        10.09    -6.80    52.83     0.001
   10.35    20.57   -10.91        10.35    20.57   -10.91     0.001
   -5.82    -2.52    37.70        -5.82    -2.52    37.70     0.000
  -12.50   -25.28   -41.29       -12.50   -25.28   -41.29     0.000
   31.00    11.91    15.22        31.00    11.91    15.22     0.000
   23.53     7.61    43.78        23.53     7.61    43.78     0.000
   22.70   -11.91    -1.68        22.70   -11.91    -1.68     0.001
   -6.14   -12.61     1.57        -6.14   -12.61     1.57     0.000
    6.82    22.79    28.97         6.82    22.79    28.97     0.001
   24.63     2.17    35.14        24.63     2.17    35.14     0.000
    2.83    23.68    23.81         2.83    23.68    23.81     0.001
   13.75    -7.96    15.62        13.75    -7.96    15.62     0.000
   -3.50   -21.99   -15.95        -3.50   -21.99   -15.95     0.000
    9.76    20.80    -9.73         9.76    20.80    -9.73     0.001
  -19.04   -30.53   -16.58       -19.04   -30.53   -16.58     0.000
  -11.79     8.89   -32.22       -11.79     8.89   -32.22     0.000
   16.20    19.63   -30.56        16.20    19.63   -30.56     0.000
   11.28    19.79   -13.94        11.28    19.79   -13.94     0.001
  -35.02    -5.37   -43.66       -35.02    -5.37   -43.66     0.000
  -11.47   -13.92   -46.93       -11.47   -13.92   -46.93     0.000
   24.30    19.92   -25.45        24.30    19.92   -25.45     0.000
   16.18   -10.85     6.60        16.18   -10.85     6.60     0.000
    4.04     4.74    63.45         4.04     4.74    63.45     0.000
