75 PA4-A-Demo-Slow-Answer.txt 0
    6.13    -7.17    52.26         6.13    -7.17    52.26     0.000
  -18.84   -29.53   -15.19       -18.84   -29.53   -15.19     0.000
   -5.72    -5.59    26.14        -5.72    -5.59    26.14     0.000
   38.05    11.62    -1.05        38.05    11.62    -1.05     0.000
   23.53   -11.62    -1.81        23.53   -11.62    -1.81     0.000
  -39.20    -5.31   -13.62       -39.20    -5.31   -13.62     0.000
  -10.34   -24.64   -12.81       -10.34   -24.64   -12.81     0.000
   20.32    17.21    41.10        20.32    17.21    41.10     0.000
    9.89    -6.90    57.12         9.89    -6.90    57.12     0.000
   20.39    13.59    56.81        20.39    13.59    56.81     0.000
  -24.44   -15.65   -48.15       -24.44   -15.65   -48.15     0.000
   15.41     3.97    63.04        15.41     3.97    63.04     0.000
  -36.22     3.74   -34.57       -36.22     3.74   -34.57     0.000
   18.41    17.10   -30.78        18.41    17.10   -30.78     0.000
   20.64     2.78    59.79        20.64     2.78    59.79     0.000
  -22.69     5.79   -14.50       -22.69     5.79   -14.50     0.000
   20.87    22.43   -26.01        20.87    22.43   -26.01     0.000
   22.52   -15.47   -15.48        22.52   -15.47   -15.48     0.000
    6.31    -3.71    63.40         6.31    -3.71    63.40     0.000
   -4.86     8.80   -12.29        -4.86     8.80   -12.29     0.000
  -34.88   -26.61   -19.54       -34.88   -26.61   -19.54     0.000
   18.61    26.28    -7.10        18.61    26.28    -7.10     0.000
   21.41    -0.25    45.56        21.41    -0.25    45.56     0.000
   32.72    -7.40   -11.43        32.72    -7.40   -11.43     0.000
    8.20    -6.71    34.51         8.20    -6.71    34.51     0.000
    0.77    -7.56    31.63         0.77    -7.56    31.63     0.000
  -42.63   -11.23   -28.23       -42.63   -11.23   -28.23     0.000
   40.23     5.96    -1.13        40.23     5.96    -1.13     0.000
   -0.92   -19.54   -13.69        -0.92   -19.54   -13.69     0.000
  -37.59    -2.30   -39.94       -37.59    -2.30   -39.94     0.000
  -13.59     5.64   -40.79       -13.59     5.64   -40.79     0.000
   -9.15   -28.22   -33.30        -9.15   -28.22   -33.30     0.000
   16.92    11.26   -28.51        16.92    11.26   -28.51     0.000
   13.27    -0.59    63.01        13.27    -0.59    63.01     0.000
  -26.17   -15.59   -47.70       -26.17   -15.59   -47.70     0.000
   18.25    -5.89    25.30        18.25    -5.89    25.30     0.000
   16.98    -6.85    19.25        16.98    -6.85    19.25     0.000
  -17.18   -27.03   -41.14       -17.18   -27.03   -41.14     0.000
  -25.81    10.17   -19.08       -25.81    10.17   -19.08     0.000
   36.23     8.06   -17.15        36.23     8.06   -17.15     0.000
   -2.01    -8.85   -38.10        -2.01    -8.85   -38.10     0.000
  -22.04    11.92   -21.36       -22.04    11.92   -21.36     0.000
  -13.89   -21.14   -44.46       -13.89   -21.14   -44.46     0.000
  -17.21    -2.88     0.67       -17.21    -2.88     0.67     0.000
  -35.89    -1.43   -41.61       -35.89    -1.43   -41.61     0.000
   39.44     1.34    -5.00        39.44     1.34    -5.00     0.000
   25.91   -13.70   -14.16        25.91   -13.70   -14.16     0.000
    2.82   -18.23   -14.06         2.82   -18.23   -14.06     0.000
   11.94    20.82   -14.78        11.94    20.82   -14.78     0.000
    2.14    18.78    51.89         2.14    18.78    51.89     0.000
  -31.90   -26.93   -15.87       -31.90   -26.93   -15.87     0.000
   16.86    -6.21    25.00        16.86    -6.21    25.00     0.000
   -6.96    22.96    18.13        -6.96    22.96    18.13     0.000
  -10.54     7.85    25.56       -10.54     7.85    25.56     0.000
   26.60    -1.46    23.29        26.60    -1.46    23.29     0.000
  -29.14   -17.22   -46.72       -29.14   -17.22   -46.72     0.000
   24.99    17.78    21.53        24.99    17.78    21.53     0.000
   28.93    -9.72    -0.47        28.93    -9.72    -0.47     0.000
   -4.65    14.86     8.19        -4.65    14.86     8.19     0.000
   24.06    -4.00    22.29        24.06    -4.00    22.29     0.000
   15.31    -8.39    12.94        15.31    -8.39    12.94     0.000
  -14.76    21.70    27.18       -14.76    21.70    27.18     0.000
   33.77     8.14    12.76        33.77     8.14    12.76     0.000
  -10.66    10.99    14.07       -10.66    10.99    14.07     0.000
   24.19    -0.68    31.66        24.19    -0.68    31.66     0.000
   19.82   -11.13     2.38        19.82   -11.13     2.38     0.000
   20.39    26.22     0.51        20.39    26.22     0.51     0.000
   -5.43   -22.53   -14.29        -5.43   -22.53   -14.29     0.000
   16.32    20.13    46.65        16.32    20.13    46.65     0.000
   -2.69    10.63    62.98        -2.69    10.63    62.98     0.000
    1.09   -12.86     1.45         1.09   -12.86     1.45     0.000
   34.28     3.55    13.00        34.28     3.55    13.00     0.000
   -9.50    20.63    16.45        -9.50    20.63    16.45     0.000
  -17.52   -17.69   -47.36       -17.52   -17.69   -47.36     0.000
   -9.04    -9.78   -46.32        -9.04    -9.78   -46.32     0.000
