75 PA4-B-Demo-Fast-Output.txt 0
  -38.73   -23.18   -21.12       -38.73   -23.18   -21.12     0.000
  -11.26   -17.53    -6.63       -11.26   -17.53    -6.63     0.000
  -17.73   -25.29   -42.87       -17.73   -25.29   -42.87     0.000
  -26.05   -26.93   -11.71       -26.05   -26.93   -11.71     0.000
  -21.21   -32.73   -26.54       -21.21   -32.73   -26.54     0.000
    3.82    21.21    37.80         3.82    21.21    37.80     0.000
  -38.11   -23.24   -32.75       -38.11   -23.24   -32.75     0.000
   19.97     4.00   -26.02        19.97     4.00   -26.02     0.000
   12.75     3.49   -18.95        12.75     3.49   -18.95     0.000
   29.74    -1.71    17.23        29.74    -1.71    17.23     0.000
  -21.98   -31.91   -33.60       -21.98   -31.91   -33.60     0.000
   24.89   -12.59    -3.93        24.89   -12.59    -3.93     0.000
  -37.56   -24.53   -31.38       -37.56   -24.53   -31.38     0.000
   -3.02   -23.99   -28.80        -3.02   -23.99   -28.80     0.000
  -25.94   -26.66   -40.92       -25.94   -26.66   -40.92     0.000
  -39.35    -2.79   -37.50       -39.35    -2.79   -37.50     0.000
  -14.10    22.39    23.34       -14.10    22.39    23.34     0.000
  -27.35   -31.26   -32.63       -27.35   -31.26   -32.63     0.000
  -35.96     2.93   -15.64       -35.96     2.93   -15.64     0.000
   19.39   -17.05   -12.87        19.39   -17.05   -12.87     0.000
   -8.32     1.02   -40.49        -8.32     1.02   -40.49     0.000
    4.41    20.83    40.44         4.41    20.83    40.44     0.000
   -9.09    13.73    38.44        -9.09    13.73    38.44     0.000
   23.03   -15.12    -7.81        23.03   -15.12    -7.81     0.000
   15.76     0.39   -21.69        15.76     0.39   -21.69     0.000
  -26.29   -18.68    -7.02       -26.29   -18.68    -7.02     0.000
  -21.66     2.92   -11.96       -21.66     2.92   -11.96     0.000
  -43.53    -6.46   -27.46       -43.53    -6.46   -27.46     0.000
  -33.09     4.91   -37.59       -33.09     4.91   -37.59     0.000
    2.73    -6.92    40.95         2.73    -6.92    40.95     0.000
  -14.05    10.93   -27.63       -14.05    10.93   -27.63     0.000
    0.96    21.70    35.15         0.96    21.70    35.15     0.000
   -7.89     7.15    35.91        -7.89     7.15    35.91     0.000
    7.10     7.52    63.13         7.10     7.52    63.13     0.000
    1.05    16.43     2.17         1.05    16.43     2.17     0.000
   18.35    -2.86    49.32        18.35    -2.86    49.32     0.000
    3.72   -15.51   -22.05         3.72   -15.51   -22.05     0.000
   20.38    25.50   -14.64        20.38    25.50   -14.64     0.000
   -2.56    18.27    45.16        -2.56    18.27    45.16     0.000
   -7.21    20.00    14.52        -7.21    20.00    14.52     0.000
   -9.67   -28.07   -34.57        -9.67   -28.07   -34.57     0.000
    4.34   -10.10   -24.75         4.34   -10.10   -24.75     0.000
   20.40   -13.68    -2.45        20.40   -13.68    -2.45     0.000
   -6.71   -23.69   -14.90        -6.71   -23.69   -14.90     0.000
   -6.05   -20.69   -39.95        -6.05   -20.69   -39.95     0.000
   -6.03    -8.90    13.51        -6.03    -8.90    13.51     0.000
  -37.38   -22.21   -36.17       -37.38   -22.21   -36.17     0.000
  -11.54     6.53    16.02       -11.54     6.53    16.02     0.000
  -40.42   -14.39   -31.27       -40.42   -14.39   -31.27     0.000
  -12.91   -30.44   -32.32       -12.91   -30.44   -32.32     0.000
    0.89   -12.96   -28.76         0.89   -12.96   -28.76     0.000
   23.01    13.34    38.92        23.01    13.34    38.92     0.000
  -21.24    12.08   -29.78       -21.24    12.08   -29.78     0.000
  -17.89   -27.96   -40.13       -17.89   -27.96   -40.13     0.000
  -39.83   -16.37   -33.47       -39.83   -16.37   -33.47     0.000
    1.89    -9.42    20.65         1.89    -9.42    20.65     0.000
   16.68    21.46   -29.25        16.68    21.46   -29.25     0.000
   19.40    -0.28    58.79        19.40    -0.28    58.79     0.000
    3.82     9.68    63.35         3.82     9.68    63.35     0.000
    0.08    17.84    53.76         0.08    17.84    53.76     0.000
   -5.22    -1.94    57.02        -5.22    -1.94    57.02     0.000
   -3.72   -21.18   -36.26        -3.72   -21.18   -36.26     0.000
    4.35    21.16     1.47         4.35    21.16     1.47     0.000
   18.17    23.33    18.49        18.17    23.33    18.49     0.000
   14.10    -6.32    27.45        14.10    -6.32    27.45     0.000
    1.86     1.02    63.47         1.86     1.02    63.47     0.000
   36.03    14.41     0.46        36.03    14.41     0.46     0.000
  -21.56    -0.32   -46.48       -21.56    -0.32   -46.48     0.000
   29.64    19.20   -20.68        29.64    19.20   -20.68     0.000
   27.41    15.39    18.67        27.41    15.39    18.67     0.000
   -8.76   -14.54    -2.65        -8.76   -14.54    -2.65     0.000
   -1.90     1.04   -26.41        -1.90     1.04   -26.41     0.000
  -30.89     5.29   -14.48       -30.89     5.29   -14.48     0.000
  -24.34   -21.19    -7.19       -24.34   -21.19    -7.19     0.000
    8.91    -8.01    18.96         8.91    -8.01    18.96     0.000
