200 PA4-F-Debug-Answer.txt 0
   33.15    17.41   -12.23        33.15    17.41   -12.23     0.000
   -7.04     4.57    48.90        -6.88     4.59    48.92     0.165
  -16.29    16.16    22.33       -16.43    16.14    22.32     0.139
   22.52     7.32    51.47        22.42     7.32    51.46     0.105
   27.84    21.35   -19.34        27.93    21.48   -19.38     0.162
   16.04    25.73   -10.77        16.05    25.68   -10.77     0.044
   -1.60   -20.45   -33.78        -1.63   -20.43   -33.77     0.039
   -0.23   -18.03   -31.65        -0.23   -18.03   -31.65     0.001
    1.98     8.86   -14.80         1.99     8.74   -14.74     0.138
  -39.79   -16.42   -33.95       -39.79   -16.42   -33.95     0.003
   -2.80    -5.77   -37.78        -2.82    -5.78   -37.78     0.027
  -14.13   -26.64   -13.38       -14.10   -26.76   -13.33     0.141
   36.08    14.44     2.75        36.14    14.48     2.74     0.072
   21.57    -0.26    44.56        21.57    -0.26    44.56     0.008
   13.71    23.48   -15.77        13.71    23.48   -15.77     0.003
   -7.17   -24.27   -37.80        -7.22   -24.21   -37.76     0.090
  -24.81     9.61   -35.37       -24.86     9.73   -35.41     0.140
   19.39    22.65    19.49        19.39    22.66    19.49     0.007
    2.14    20.13    43.21         2.14    20.04    43.17     0.098
   24.11    18.27    23.76        24.03    18.20    23.73     0.109
   27.71    -6.08   -25.04        27.73    -6.12   -25.10     0.080
  -31.11   -30.36   -24.65       -31.05   -30.26   -24.65     0.112
    0.15   -13.56    -0.55         0.15   -13.53    -0.56     0.026
   39.77     5.10    -6.53        39.96     5.13    -6.57     0.195
  -34.51   -11.32   -45.71       -34.54   -11.31   -45.76     0.054
  -25.87   -31.52   -32.97       -25.88   -31.55   -32.98     0.032
  -29.81   -30.27   -31.79       -29.85   -30.34   -31.80     0.086
   -6.67     7.39    51.79        -6.85     7.43    51.79     0.181
   -5.75    16.19    11.25        -5.80    16.22    11.21     0.072
  -24.37    11.87   -28.08       -24.39    11.92   -28.09     0.052
  -39.74   -18.08   -34.57       -39.76   -18.09   -34.57     0.025
   35.75    14.24     6.82        35.74    14.22     6.81     0.017
   30.31    13.65   -25.15        30.28    13.62   -25.12     0.048
  -16.90   -25.27   -42.51       -16.88   -25.33   -42.58     0.087
    6.48    11.19    63.25         6.48    11.19    63.26     0.009
   24.26     2.80    38.03        24.11     2.82    38.01     0.147
  -15.01    19.22    20.82       -15.00    19.22    20.82     0.005
   24.65    24.49    -4.41        24.65    24.48    -4.41     0.015
   21.29   -12.31    -1.00        21.26   -12.27    -1.02     0.051
   27.02     0.56    25.30        26.93     0.59    25.27     0.103
   15.53    -5.45    38.26        15.54    -5.50    38.27     0.046
   -8.61     7.88    32.07        -8.68     7.82    32.10     0.095
   24.16    -5.74    15.64        24.16    -5.76    15.64     0.012
    4.84     7.26    63.33         4.84     7.26    63.35     0.020
   18.74    -5.83   -23.35        18.75    -5.83   -23.33     0.022
   -5.44    -2.00    57.68        -5.26    -1.87    57.68     0.223
   -0.16   -11.83   -32.64        -0.21   -11.85   -32.64     0.049
   -5.11    -5.55    28.06        -5.16    -5.60    28.06     0.072
    6.49    -5.92   -23.29         6.49    -5.92   -23.28     0.008
  -26.68     8.96   -17.08       -26.63     8.79   -17.18     0.201
  -10.61     9.95    31.45       -10.72     9.84    31.49     0.161
  -36.96    -2.30   -13.10       -37.02    -2.27   -13.05     0.080
   -7.57    20.72    15.63        -7.63    20.82    15.52     0.161
   -0.41    17.69    53.23        -0.36    17.61    53.22     0.096
    7.13    21.91    -3.18         7.10    21.94    -3.19     0.039
   14.96    -7.53    16.80        14.95    -7.50    16.80     0.029
  -28.30   -25.77   -11.22       -28.28   -25.76   -11.24     0.025
  -17.74     8.97   -18.19       -17.74     8.99   -18.18     0.027
   -6.87     6.66    52.21        -7.01     6.69    52.22     0.143
  -25.79    10.48   -19.67       -25.80    10.50   -19.65     0.030
  -15.22   -25.81   -41.87       -15.23   -25.77   -41.83     0.058
   11.72    -8.95    13.99        11.70    -8.90    13.98     0.055
   -7.54   -18.06    -7.21        -7.54   -18.10    -7.18     0.049
  -32.95   -11.04    -7.52       -32.99   -11.03    -7.44     0.094
  -10.33    15.30    37.19       -10.36    15.29    37.23     0.055
   -1.49   -19.48   -34.85        -1.50   -19.48   -34.84     0.014
   -0.99   -10.93   -35.34        -1.05   -10.94   -35.32     0.064
  -27.99   -28.76   -37.52       -27.98   -28.73   -37.51     0.039
  -28.97    -4.84   -47.25       -28.91    -4.89   -47.14     0.134
   -6.29   -21.08   -11.12        -6.33   -21.01   -11.16     0.087
  -36.12   -13.11   -44.66       -35.98   -13.06   -44.54     0.189
   22.21     4.15    50.07        22.32     4.14    50.08     0.114
  -15.21   -24.96   -11.04       -15.21   -24.95   -11.05     0.011
   -5.58    10.96     2.59        -5.64    11.04     2.57     0.107
  -22.64     2.65   -44.30       -22.64     2.68   -44.34     0.054
   -6.70    24.67    22.05        -6.70    24.52    22.09     0.158
   34.84    -3.86     8.30        34.97    -4.00     8.35     0.198
   -2.91   -20.47   -35.92        -2.95   -20.44   -35.90     0.058
   31.15    -7.90    -7.86        31.13    -7.87    -7.85     0.034
  -18.55   -15.20    -5.21       -18.54   -15.19    -5.25     0.044
   -4.99    -2.10    56.57        -5.07    -2.15    56.57     0.088
   22.17     3.92    49.84        22.30     3.90    49.85     0.129
   35.90     0.48    10.95        35.94     0.47    10.99     0.056
   26.89     0.44   -29.36        26.89     0.44   -29.36     0.010
   12.70    17.18   -29.34        12.70    17.18   -29.34     0.001
   12.72   -17.12    -7.82        12.71   -17.14    -7.82     0.021
   23.09    20.44    19.45        23.18    20.54    19.49     0.143
   -2.38     0.76   -27.12        -2.34     0.78   -27.15     0.052
   12.10   -13.24     4.02        12.11   -13.29     4.06     0.065
   -3.51   -25.26   -24.96        -3.47   -25.30   -24.95     0.058
  -42.90    -3.38   -25.27       -42.95    -3.36   -25.27     0.055
  -12.51   -25.30   -41.55       -12.58   -25.19   -41.43     0.183
  -41.68   -12.95   -17.07       -41.69   -12.95   -17.06     0.014
  -27.87     9.66   -32.95       -27.86     9.64   -32.95     0.029
    0.27   -18.34   -10.83         0.30   -18.49   -10.78     0.161
  -14.01   -26.80   -13.39       -14.01   -26.78   -13.40     0.032
   27.38     6.80    26.34        27.49     6.81    26.37     0.114
   -8.25   -19.46    -8.72        -8.24   -19.49    -8.70     0.042
   29.32     8.18    20.56        29.36     8.18    20.57     0.041
   27.45    -3.37    18.20        27.43    -3.36    18.19     0.020
    6.10    21.41    36.78         6.10    21.44    36.79     0.028
   -9.82    13.46    13.66        -9.89    13.46    13.62     0.078
  -26.30     2.51   -43.82       -26.30     2.51   -43.82     0.006
  -32.56    -6.27   -45.58       -32.59    -6.25   -45.63     0.066
    6.97   -15.38    -3.51         7.00   -15.25    -3.56     0.140
   28.17    18.91   -22.57        28.19    18.93   -22.60     0.042
   18.25    23.65    18.02        18.19    23.46    17.97     0.207
  -38.27    -7.83   -41.42       -38.27    -7.83   -41.42     0.003
  -33.02     8.30   -23.30       -33.05     8.34   -23.29     0.051
   26.90    -8.79     4.72        26.89    -8.69     4.69     0.100
  -27.22    10.27   -31.71       -27.22    10.25   -31.71     0.020
    0.93    18.91    47.82         0.92    19.11    47.86     0.197
   32.82    17.63     6.66        32.81    17.62     6.66     0.010
   27.60     0.99    23.99        27.56     1.01    23.97     0.049
   20.10    15.51    47.84        20.14    15.53    47.84     0.045
   -0.09    21.19    37.02        -0.07    21.36    37.06     0.176
    9.03    20.41    -8.91         9.10    20.38    -8.87     0.081
   -7.38    22.48    17.58        -7.38    22.50    17.57     0.024
   31.73     0.47    15.54        31.79     0.45    15.59     0.090
   12.10    21.66    45.11        12.08    21.73    45.12     0.069
   30.32    -8.99    -6.11        30.37    -9.05    -6.13     0.080
  -25.06     8.55   -17.15       -25.06     8.53   -17.16     0.019
   10.59    22.18    33.08        10.58    22.30    33.10     0.120
   -6.88     7.95    52.09        -6.73     7.91    52.09     0.158
  -22.77   -21.91    -7.54       -22.77   -21.89    -7.59     0.058
  -32.61     5.40   -37.74       -32.55     5.28   -37.69     0.148
   -4.50    -9.38    16.20        -4.44    -9.25    16.18     0.148
  -24.01    12.07   -28.29       -23.99    11.98   -28.27     0.093
   -6.44     1.46    51.30        -6.46     1.45    51.30     0.016
   -5.14     0.04   -35.84        -5.04     0.09   -35.87     0.119
   -4.44    -9.66   -41.75        -4.42    -9.67   -41.77     0.024
   26.83    10.89    25.68        26.92    10.92    25.71     0.092
    8.60   -13.61     3.09         8.60   -13.61     3.09     0.000
  -22.09   -32.54   -24.59       -22.08   -32.67   -24.59     0.124
    2.07   -17.73   -23.03         2.03   -17.71   -23.01     0.049
   40.18     4.69    -0.89        40.07     4.70    -0.91     0.114
  -21.80   -29.67   -15.00       -21.79   -29.63   -15.02     0.043
   26.32    -6.60    11.60        26.32    -6.55    11.58     0.054
  -39.43     2.03   -30.56       -39.47     2.06   -30.58     0.053
  -43.13    -6.11   -29.68       -43.19    -6.11   -29.69     0.057
    3.58    24.23    15.45         3.53    24.40    15.41     0.181
   -3.11    -7.98   -39.82        -3.12    -7.98   -39.82     0.014
  -29.11     5.65   -39.62       -29.12     5.70   -39.65     0.060
  -30.38   -29.05   -34.51       -30.43   -29.14   -34.55     0.106
  -43.24    -5.86   -29.65       -43.20    -5.86   -29.64     0.035
    1.39   -18.96   -15.75         1.36   -18.91   -15.78     0.066
  -41.50   -15.25   -17.67       -41.44   -15.23   -17.70     0.077
  -41.12    -1.06   -20.81       -41.21    -1.01   -20.80     0.106
   11.77    -6.41    57.32        11.75    -6.36    57.31     0.060
   35.95    -0.09    11.00        35.90    -0.08    10.95     0.073
   -3.92   -16.99   -39.75        -3.91   -17.00   -39.77     0.030
  -11.51   -23.44   -42.54       -11.53   -23.42   -42.52     0.034
   32.34    -6.79     1.09        32.34    -6.79     1.09     0.001
  -17.48    10.41   -35.67       -17.47    10.43   -35.68     0.026
  -40.07   -16.88   -32.64       -40.11   -16.88   -32.66     0.046
   -6.97    -9.64     8.66        -6.96    -9.61     8.65     0.038
  -14.32   -23.00   -43.80       -14.31   -23.02   -43.89     0.094
  -41.20   -19.00   -21.18       -41.21   -19.00   -21.18     0.008
  -42.18    -2.58   -22.64       -42.21    -2.56   -22.64     0.032
   19.95   -16.76    -6.75        19.94   -16.75    -6.76     0.016
    6.01    22.21    31.05         6.01    22.37    31.09     0.158
  -11.37     6.57    18.07       -11.50     6.55    18.05     0.124
   33.31    -3.36   -22.84        33.35    -3.38   -22.86     0.050
  -22.65     5.80   -41.37       -22.64     5.88   -41.46     0.114
  -33.91     7.68   -29.16       -33.91     7.68   -29.17     0.004
  -42.85   -14.38   -21.23       -42.80   -14.37   -21.25     0.049
  -19.15   -32.59   -25.68       -19.16   -32.52   -25.69     0.071
    7.05   -14.43   -19.56         6.92   -14.30   -19.50     0.195
    2.00    -7.28   -26.49         2.03    -7.28   -26.53     0.049
  -40.39   -17.73   -32.04       -40.45   -17.73   -32.05     0.060
  -13.50   -31.07   -29.46       -13.47   -31.14   -29.47     0.074
    3.45   -15.22    -4.74         3.45   -15.40    -4.68     0.185
  -23.42   -11.35    -5.14       -23.41   -11.34    -5.16     0.023
   -3.18    10.69    -3.55        -3.21    10.75    -3.57     0.072
  -10.03     7.14    -6.65       -10.04     7.17    -6.65     0.031
   21.43    14.18    45.43        21.46    14.20    45.44     0.037
  -24.59    11.18   -21.98       -24.66    11.40   -21.97     0.229
   -8.68   -27.79   -34.02        -8.73   -27.73   -33.99     0.080
  -31.30     5.54   -38.58       -31.30     5.54   -38.58     0.002
   30.60    20.37    -6.07        30.62    20.39    -6.07     0.032
  -17.53    -8.99   -48.58       -17.52    -8.99   -48.59     0.016
  -41.93   -14.17   -18.31       -41.96   -14.18   -18.30     0.028
  -26.44     8.43   -36.81       -26.47     8.50   -36.84     0.082
  -15.23    19.81    21.80       -15.18    19.79    21.82     0.058
   23.36    20.03    20.49        23.32    19.98    20.48     0.068
  -22.16     8.57   -38.06       -22.16     8.55   -38.05     0.017
   20.81     4.99    61.84        20.78     5.00    61.83     0.035
   28.77   -10.75   -10.41        28.75   -10.72   -10.42     0.035
   30.89     7.41    17.77        30.88     7.41    17.76     0.014
   24.20   -13.23    -4.64        24.23   -13.28    -4.63     0.058
  -37.58    -4.13   -12.12       -37.49    -4.19   -12.21     0.144
    9.97     3.46    62.97         9.97     3.47    63.01     0.039
  -32.83    -1.12   -43.31       -32.81    -1.15   -43.27     0.052
   18.24    -4.16    40.39        18.16    -4.05    40.39     0.136
   -2.25     2.26    63.33        -2.25     2.26    63.35     0.016
   20.68    12.55    56.63        20.82    12.60    56.63     0.144
   -7.86     4.00    30.57        -7.87     4.00    30.57     0.012
  -14.03   -31.52   -28.89       -14.06   -31.42   -28.88     0.108
   11.38   -15.73   -13.26        11.39   -15.48   -13.15     0.273
   22.08   -15.67   -14.77        22.08   -15.66   -14.77     0.007
