400 PA5-E-Debug-Output.txt 6
 -139.0313  172.2992  -45.2109    1.6052   -5.3581 -134.1169
   -0.06    19.42    48.05        -0.03    19.31    48.03     0.112
   -1.77   -25.35   -36.55        -1.70   -25.45   -36.60     0.128
   32.78     0.29     2.73        32.89     0.29     2.74     0.112
  -13.67    22.04    33.99       -13.66    21.95    34.01     0.091
   21.81    13.81    33.06        21.86    13.84    33.06     0.057
   11.82     9.61    58.71        11.83     9.61    58.71     0.012
  -40.25   -22.60   -27.84       -40.18   -22.57   -27.83     0.079
   32.15     6.49   -15.61        32.20     6.49   -15.64     0.062
    1.08    -9.13     9.16         1.08    -9.13     9.16     0.006
   -0.14    22.28    36.44        -0.16    22.22    36.44     0.060
   25.36    17.17    12.08        25.26    17.15    12.04     0.107
  -25.97   -32.31   -38.41       -25.98   -32.35   -38.43     0.042
   -8.78    23.16    41.32        -8.77    23.10    41.31     0.065
  -37.69   -24.28   -39.69       -37.63   -24.27   -39.69     0.059
   12.75    -5.54    30.89        12.70    -5.68    30.92     0.151
    8.29    -9.71   -20.95         8.30    -9.73   -20.93     0.031
    9.12    -4.18    45.62         9.10    -4.26    45.60     0.079
   -9.65     9.90   -33.23        -9.74     9.82   -33.22     0.126
  -16.95   -32.95   -30.25       -16.96   -32.94   -30.25     0.017
  -20.97    -0.97    -7.84       -20.94    -0.98    -7.86     0.040
  -10.44     6.84     1.23       -10.34     6.69     1.24     0.183
   27.78    -3.14   -23.76        27.78    -3.14   -23.76     0.002
    1.58    16.14    13.69         1.64    16.09    13.72     0.074
  -24.68   -14.01   -57.10       -24.67   -13.94   -57.02     0.104
  -25.85   -30.01   -42.98       -25.85   -30.05   -43.01     0.050
  -36.02   -27.55   -38.04       -36.01   -27.54   -38.04     0.019
   31.80    11.38   -12.72        31.80    11.37   -12.71     0.014
    5.79    -3.72    53.24         5.81    -3.69    53.24     0.037
   -7.94    15.62    45.17        -7.90    15.71    45.05     0.157
   13.34    24.14    47.54        13.34    24.18    47.54     0.043
  -27.82     6.97   -48.84       -27.85     7.02   -48.90     0.083
  -39.50     6.29   -32.89       -39.47     6.27   -32.89     0.035
   18.18     0.74   -20.77        18.21     0.75   -20.75     0.032
  -32.35    11.95   -29.28       -32.32    11.91   -29.30     0.053
   -4.82   -17.45   -42.22        -4.81   -17.45   -42.23     0.013
   17.00    24.58    26.29        16.99    24.49    26.33     0.088
   33.88     9.63   -12.01        33.93     9.67   -12.02     0.058
  -32.81     7.35   -46.90       -32.79     7.31   -46.87     0.059
   -3.86    -2.01    16.39        -3.85    -2.00    16.39     0.013
   23.03    23.16    12.59        22.96    23.07    12.59     0.109
  -24.53   -23.36   -13.06       -24.56   -23.44   -13.02     0.093
  -34.96   -27.45   -24.16       -35.02   -27.52   -24.14     0.101
   13.29    -4.55    57.50        13.25    -4.44    57.44     0.128
   13.24    24.57    36.83        13.24    24.57    36.83     0.006
   27.16     0.01   -25.95        27.18     0.03   -25.93     0.033
  -40.03     2.55   -37.10       -40.12     2.57   -37.13     0.099
  -41.92   -14.03   -23.30       -41.98   -14.04   -23.29     0.059
  -37.29   -12.09   -50.49       -37.24   -12.10   -50.47     0.061
   29.02    -5.64   -11.91        29.12    -5.66   -11.89     0.100
   14.27    -7.08    24.24        14.31    -7.17    24.27     0.102
   12.29     6.97   -13.98        12.32     6.97   -13.97     0.039
   -2.69    13.29     7.74        -2.79    13.48     7.64     0.246
   13.53    -4.20   -18.93        13.53    -4.22   -18.86     0.074
  -38.97     3.77   -39.47       -38.98     3.78   -39.47     0.018
    1.93   -21.04    -9.10         1.93   -21.04    -9.10     0.001
   29.62     1.02   -25.19        29.61     1.01   -25.18     0.019
   -4.66    16.00    19.01        -4.67    16.01    19.01     0.007
  -37.30   -19.87   -44.19       -37.29   -19.87   -44.18     0.014
   18.82    -2.98    56.72        18.81    -2.98    56.72     0.004
    6.63    21.40    41.25         6.54    21.56    41.22     0.188
  -37.71     8.63   -32.85       -37.65     8.59   -32.85     0.066
   31.19    13.12   -10.40        31.37    13.28   -10.44     0.241
  -28.25    13.15   -40.45       -28.24    13.11   -40.44     0.039
   -8.24     4.85   -41.12        -8.32     4.82   -41.10     0.092
  -34.98     6.76   -45.36       -34.96     6.74   -45.34     0.037
   15.93    20.28   -19.79        15.96    20.32   -19.82     0.061
    7.00     1.30   -15.74         7.01     1.32   -15.76     0.031
   14.56    -8.78    19.07        14.57    -8.78    19.07     0.012
   10.45     8.62    60.26        10.47     8.66    60.23     0.053
    1.84    -0.86   -22.21         1.82    -0.89   -22.18     0.042
  -27.85   -24.29   -49.86       -27.84   -24.28   -49.85     0.018
    3.60     6.24   -11.26         3.60     6.24   -11.26     0.008
   13.64    -5.12    54.63        13.63    -5.03    54.63     0.092
   24.80     1.01    22.52        24.66     1.07    22.48     0.158
   14.66    -6.68    25.10        14.69    -6.73    25.12     0.057
   32.77     0.16     1.26        32.78     0.16     1.26     0.006
  -24.59   -22.84   -12.33       -24.60   -22.89   -12.29     0.065
   -3.88     4.37    26.81        -3.90     4.35    26.82     0.035
  -11.79   -25.58   -47.26       -11.81   -25.56   -47.23     0.039
   16.76    25.73    41.27        16.74    25.68    41.28     0.049
   30.54     4.90    10.06        30.42     4.83    10.00     0.147
   14.73    26.11    23.59        14.73    26.06    23.58     0.043
  -39.27     5.60   -26.32       -39.33     5.67   -26.29     0.093
  -26.17   -32.78   -36.81       -26.17   -32.74   -36.81     0.037
   10.86    21.37   -22.80        10.86    21.39   -22.81     0.022
   23.37    -1.23    23.79        23.38    -1.24    23.79     0.020
   -0.26     2.60    37.29        -0.19     2.63    37.28     0.080
   21.29     1.43    45.45        21.29     1.43    45.45     0.001
   -2.17   -23.20   -38.88        -2.16   -23.21   -38.88     0.011
  -38.43     6.80   -36.70       -38.46     6.81   -36.71     0.034
   20.56    -1.27   -21.01        20.56    -1.27   -20.98     0.029
   -1.69    15.62    52.00        -1.76    15.63    52.02     0.071
    3.29    20.16    55.20         3.20    20.38    55.22     0.233
   -0.39     6.56   -12.16        -0.39     6.56   -12.16     0.001
  -36.38   -25.17   -41.62       -36.32   -25.11   -41.58     0.096
    5.10    -1.70   -20.39         5.10    -1.70   -20.38     0.006
   18.64    -3.17    48.87        18.61    -3.15    48.86     0.042
   13.06   -14.75     3.12        13.05   -14.74     3.12     0.008
  -39.74   -18.78   -34.29       -39.81   -18.80   -34.31     0.076
   11.36    -6.12    27.62        11.36    -6.14    27.62     0.018
  -41.09     1.56   -32.09       -41.18     1.59   -32.09     0.097
    2.42    -7.36    18.31         2.42    -7.40    18.33     0.043
   -1.23    21.27    30.44        -1.22    21.41    30.41     0.136
   21.76    15.09    28.07        21.71    15.07    28.06     0.049
   -3.87    21.80    31.44        -3.88    21.82    31.43     0.020
  -37.22   -22.44   -19.52       -37.19   -22.42   -19.56     0.059
   14.12   -16.90    -3.12        14.10   -16.82    -3.16     0.090
   24.56     4.63   -24.34        24.56     4.63   -24.35     0.012
    8.34    13.86   -17.80         8.30    13.83   -17.79     0.049
  -30.36     6.30   -48.57       -30.34     6.25   -48.52     0.076
  -16.35   -16.22   -55.84       -16.36   -16.21   -55.83     0.008
   21.95   -13.63   -11.55        21.91   -13.54   -11.55     0.093
   15.54   -12.23   -17.96        15.52   -12.29   -18.02     0.085
    7.76     5.14    59.07         7.78     5.17    58.93     0.142
   -2.18    16.45    50.17        -2.11    16.43    50.14     0.077
  -34.95     6.52   -45.62       -34.91     6.49   -45.59     0.060
   19.93    18.71    42.61        19.73    18.59    42.62     0.233
  -10.61   -28.23   -39.72       -10.57   -28.26   -39.75     0.065
    7.26    22.36    -1.13         7.26    22.37    -1.13     0.009
    3.30   -26.78   -15.80         3.29   -26.76   -15.80     0.025
  -39.09    -3.09   -36.62       -39.03    -3.06   -36.60     0.075
  -19.50   -23.42   -10.58       -19.48   -23.39   -10.63     0.063
   10.71    -6.61    26.82        10.70    -6.57    26.80     0.049
   30.91    10.62     3.38        30.91    10.62     3.38     0.003
   15.37   -15.84    -0.69        15.40   -15.79    -0.72     0.060
  -32.52     6.31   -14.43       -32.53     6.31   -14.42     0.009
  -24.41   -17.96   -55.77       -24.42   -17.96   -55.79     0.016
   20.42   -14.15   -11.47        20.41   -14.09   -11.47     0.054
  -10.65   -16.37   -50.76       -10.66   -16.37   -50.76     0.009
   -1.14     9.64    57.10        -1.19     9.62    57.17     0.092
    4.61    -5.52   -22.52         4.56    -5.54   -22.48     0.069
   -0.79    17.34    53.08        -1.04    17.40    53.18     0.278
    6.42    -6.67    26.96         6.48    -6.47    26.87     0.223
  -35.07   -20.43   -16.52       -35.06   -20.43   -16.53     0.013
    8.36   -15.18    -0.20         8.35   -15.20    -0.19     0.019
  -11.54     5.66    -1.29       -11.58     5.73    -1.29     0.083
  -10.23    10.65   -32.25       -10.32    10.56   -32.24     0.127
   22.22     5.10    52.36        22.39     5.06    52.34     0.175
    6.90    21.83    43.74         6.92    21.77    43.74     0.057
   29.57     3.52   -22.64        29.58     3.50   -22.62     0.025
  -19.77   -30.12   -45.09       -19.77   -30.09   -45.08     0.039
   17.47   -13.37     4.05        17.47   -13.36     4.04     0.019
   12.61    24.31    38.54        12.56    24.38    38.53     0.085
   21.06     0.68    45.69        20.94     0.74    45.68     0.133
    7.52    -3.18    39.65         7.55    -3.09    39.65     0.094
    7.16    14.32     0.81         7.15    14.34     0.79     0.022
   16.32     5.20    58.85        16.31     5.20    58.80     0.058
   -1.50    20.63    45.79        -1.49    20.66    45.81     0.037
   14.89   -12.74     6.71        14.87   -12.65     6.68     0.094
   -1.66   -20.77   -38.68        -1.68   -20.77   -38.65     0.045
   15.75    24.69    24.78        15.76    24.69    24.78     0.007
    6.51    17.82     1.70         6.44    17.73     1.64     0.123
   11.08    24.35   -10.24        11.08    24.43   -10.25     0.082
   -5.41     4.24    23.43        -5.40     4.25    23.43     0.013
    8.40    14.96    58.05         8.38    14.89    58.00     0.086
    5.89    18.34     2.97         6.13    18.39     2.99     0.243
   23.64   -12.81   -10.52        23.60   -12.72   -10.52     0.096
   19.56    -4.71    24.85        19.53    -4.66    24.85     0.059
    7.13    17.18   -15.06         7.10    17.17   -15.05     0.029
  -29.81    -5.41   -10.27       -29.81    -5.41   -10.28     0.014
  -18.05   -25.68   -14.27       -18.05   -25.65   -14.31     0.056
    5.02    10.52    -2.46         5.02    10.54    -2.50     0.042
   -1.30     5.50    44.20        -1.17     5.55    44.20     0.142
  -38.27    -7.43   -45.75       -38.28    -7.43   -45.75     0.012
   24.28    10.83    20.94        24.18    10.81    20.92     0.099
   -3.32    15.10    14.23        -3.34    15.17    14.21     0.083
   33.92    10.20   -10.14        33.96    10.24   -10.15     0.052
   23.21    11.08    32.60        23.04    11.03    32.60     0.176
   17.39    23.15    49.21        17.40    23.16    49.21     0.009
  -31.49     6.90   -14.20       -31.47     6.97   -14.16     0.087
   14.39    -5.80    31.82        14.39    -5.78    31.82     0.030
    7.43    22.70    -2.30         7.41    22.71    -2.30     0.020
  -28.16    15.01   -34.15       -28.23    15.18   -34.20     0.188
   11.29   -18.48    -5.67        11.28   -18.44    -5.68     0.040
   20.64    -4.86   -19.73        20.63    -4.88   -19.77     0.050
   19.04    24.58    -1.65        19.08    24.67    -1.65     0.100
   15.17    -5.16    34.66        15.20    -5.33    34.67     0.167
  -14.44    14.43   -29.73       -14.46    14.39   -29.73     0.048
  -34.58     3.61   -48.92       -34.57     3.60   -48.90     0.021
  -21.22     0.82   -55.34       -21.23     0.83   -55.36     0.022
   23.09     7.23    43.33        23.16     7.24    43.33     0.067
    1.86   -13.14    -0.45         1.86   -13.14    -0.45     0.001
   -0.13     2.24    36.50        -0.08     2.26    36.50     0.049
  -14.37   -29.44   -43.80       -14.37   -29.45   -43.80     0.004
  -29.87   -30.84   -39.49       -29.83   -30.75   -39.41     0.125
    1.49    -0.31    41.50         1.47    -0.35    41.51     0.045
  -15.01   -32.29   -28.80       -15.03   -32.26   -28.81     0.032
  -37.81   -22.72   -40.72       -37.68   -22.70   -40.68     0.137
  -11.89    11.22   -39.23       -11.82    11.29   -39.23     0.094
  -23.99    -6.57   -57.09       -23.99    -6.57   -57.11     0.014
  -27.74   -20.91   -11.14       -27.74   -20.90   -11.16     0.018
  -10.50     6.48    -0.43       -10.51     6.49    -0.43     0.016
   -0.01    19.29    48.20        -0.02    19.29    48.20     0.009
    7.10    22.44     2.89         7.05    22.47     2.93     0.072
    9.81     9.97    61.17         9.93    10.03    61.10     0.154
   -2.36   -27.22   -31.24        -2.36   -27.21   -31.24     0.007
   11.28    -5.41    30.15        11.30    -5.61    30.17     0.197
   14.62    21.32   -18.99        14.63    21.34   -19.00     0.031
  -14.01    16.70    44.72       -14.01    16.70    44.72     0.000
   -9.30   -28.76   -33.41        -9.29   -28.77   -33.41     0.011
  -18.13     0.72   -56.33       -18.13     0.72   -56.34     0.003
    5.15   -24.68   -13.48         5.14   -24.68   -13.50     0.028
   -9.33   -26.21   -42.25        -9.39   -26.11   -42.24     0.119
  -15.66   -28.68   -19.58       -15.61   -28.78   -19.53     0.123
   23.43    -3.29    16.70        23.47    -3.33    16.71     0.060
   14.92    24.64    27.73        14.93    24.46    27.75     0.185
   23.78     8.41   -24.53        23.78     8.40   -24.49     0.046
   16.87    26.26     7.98        16.88    26.30     7.97     0.043
  -16.18   -26.57   -15.31       -16.18   -26.59   -15.29     0.029
   24.88   -12.02   -10.39        24.95   -12.06   -10.42     0.087
   14.59    -5.08    53.16        14.59    -5.02    53.16     0.063
   -7.89   -11.88   -46.27        -7.84   -11.89   -46.29     0.051
   15.37    -5.14    38.54        15.35    -4.94    38.53     0.194
   17.37    26.69    11.98        17.38    26.74    11.98     0.047
   31.90     4.82   -17.01        31.88     4.80   -16.99     0.041
    0.68     0.89    41.18         0.59     0.83    41.17     0.120
   -7.53   -29.83   -22.56        -7.53   -29.84   -22.56     0.016
   29.77     6.36   -21.08        29.82     6.36   -21.09     0.048
   -3.33     5.85   -17.58        -3.38     5.77   -17.54     0.105
   -0.37    -0.22    31.05        -0.25    -0.17    31.01     0.136
   20.57    16.93    39.13        20.45    16.86    39.15     0.145
   31.68     2.04     7.40        31.77     2.04     7.42     0.088
    8.08    -7.59   -19.74         8.17    -7.58   -19.83     0.122
   13.47    25.00    35.14        13.47    25.00    35.14     0.002
   19.82    23.23    -8.18        19.83    23.25    -8.18     0.021
   13.72    -4.16   -18.84        13.72    -4.16   -18.83     0.011
    1.74    19.90    21.40         1.72    19.98    21.39     0.082
   29.99    -2.48    -9.37        30.00    -2.50    -9.37     0.020
  -29.65   -31.28   -24.84       -29.68   -31.32   -24.82     0.042
  -15.08   -27.03   -15.49       -15.07   -27.02   -15.52     0.033
   14.75    25.66    35.84        14.75    25.66    35.84     0.006
   -6.36   -25.68   -38.14        -6.40   -25.64   -38.11     0.063
    1.10   -18.44   -32.10         1.15   -18.42   -32.12     0.059
   14.34    24.29    47.24        14.34    24.29    47.24     0.005
   22.10    -3.16    22.89        22.06    -3.11    22.88     0.065
  -37.43   -20.96   -42.69       -37.39   -20.95   -42.67     0.049
   15.21    24.51    28.45        15.20    24.56    28.43     0.052
    7.68   -21.93   -12.54         7.78   -22.01   -12.52     0.123
  -38.69    -7.65   -41.49       -38.66    -7.66   -41.49     0.031
    0.86    19.09    52.57         0.87    19.07    52.58     0.023
   -3.91   -18.66    -7.94        -3.91   -18.66    -7.94     0.006
   11.34    25.26    21.00        11.35    25.17    20.98     0.099
    7.93    23.71    -0.76         8.03    23.61    -0.77     0.145
  -17.13    20.06    33.90       -17.11    20.02    33.90     0.046
   19.00   -15.08   -11.15        19.09   -15.15   -11.19     0.119
   -1.00     4.40    39.22        -0.98     4.41    39.22     0.023
    6.45    16.95     1.11         6.59    16.95     1.12     0.135
    4.14    15.68     7.37         4.16    15.68     7.39     0.025
   15.39    -7.78    20.20        15.38    -7.76    20.19     0.021
  -23.05   -10.85    -9.06       -23.02   -10.85    -9.10     0.049
  -27.79    -1.27   -55.67       -27.82    -1.25   -55.72     0.057
   -1.36    16.10    15.95        -1.41    16.17    15.92     0.095
  -10.52     3.87    12.01       -10.53     3.87    12.02     0.006
    7.97    12.96     0.08         8.00    13.00     0.02     0.074
   -0.30    -8.81   -31.33        -0.27    -8.81   -31.36     0.037
    9.93    -4.43    46.17         9.93    -4.48    46.16     0.051
    6.96    22.43   -10.00         7.02    22.36   -10.01     0.087
   20.81     6.69    56.33        20.82     6.71    56.39     0.065
   -0.32    18.49    52.10        -0.25    18.39    52.08     0.116
    8.45    -4.89    54.05         8.48    -4.75    54.06     0.144
  -26.16   -29.06   -17.98       -26.16   -29.06   -17.98     0.000
   24.14     6.86    30.12        24.06     6.84    30.11     0.087
   20.74    -0.06    47.63        20.62    -0.01    47.62     0.130
  -41.70   -16.73   -22.97       -41.63   -16.71   -22.99     0.079
   29.44     0.57   -25.32        29.45     0.55   -25.33     0.023
   -4.47    -2.74   -36.08        -4.49    -2.74   -36.08     0.022
  -24.68     6.93   -15.68       -24.68     6.86   -15.76     0.107
    9.74   -17.32    -2.71         9.75   -17.36    -2.68     0.051
  -15.07     3.75    -3.38       -15.06     3.74    -3.38     0.017
   19.55    -5.50    20.62        19.48    -5.43    20.60     0.105
   27.17     9.27   -23.03        27.12     9.22   -22.97     0.087
  -37.43     8.57   -35.34       -37.49     8.60   -35.35     0.071
   14.69    23.99   -12.13        14.68    23.95   -12.12     0.038
   -6.40     5.74   -26.44        -6.35     5.77   -26.46     0.062
   28.61    12.34   -16.74        28.56    12.31   -16.71     0.067
    6.24    18.65     2.81         6.25    18.64     2.82     0.009
   17.23     7.07    57.57        17.22     7.06    57.54     0.033
  -11.40    13.04   -25.59       -11.32    13.10   -25.60     0.104
   27.55    -5.80   -21.28        27.58    -5.87   -21.31     0.078
  -15.61    20.90    37.47       -15.53    20.81    37.44     0.129
  -14.64     4.58    -5.42       -14.73     4.69    -5.35     0.160
   24.32    12.14    18.01        24.30    12.14    18.01     0.019
   13.35    24.52    24.69        13.34    24.56    24.70     0.040
   -0.50   -10.45     3.26        -0.50   -10.47     3.26     0.023
  -35.63     4.46   -47.05       -35.68     4.50   -47.08     0.068
  -21.45   -33.59   -31.47       -21.45   -33.57   -31.47     0.021
   26.31    19.17    -1.69        26.37    19.15    -1.66     0.067
   32.44    10.09   -13.72        32.42    10.04   -13.67     0.069
    2.89    20.20    21.85         2.83    20.37    21.84     0.186
  -16.49    12.31    38.84       -16.53    12.27    38.84     0.061
   -3.47    20.78    28.18        -3.49    20.88    28.14     0.107
    2.10   -15.95    -4.50         2.08   -16.00    -4.46     0.061
   -4.68     8.37    -5.08        -4.68     8.38    -5.08     0.001
    1.68     4.42    58.25         1.68     4.42    58.24     0.007
   12.93   -11.76    11.91        12.89   -11.72    11.90     0.055
   26.86    -6.51    -0.52        26.86    -6.48    -0.54     0.038
   23.75     5.87   -24.60        23.75     5.87   -24.60     0.001
    7.50    23.17    12.93         7.58    23.10    12.92     0.111
  -28.61    -3.82   -55.84       -28.61    -3.84   -55.78     0.059
  -22.95   -10.93    -9.03       -22.95   -10.93    -9.03     0.001
   22.34    13.37    28.60        22.35    13.37    28.60     0.011
  -38.00     6.84   -37.81       -38.11     6.89   -37.85     0.130
  -33.28   -15.22   -11.57       -33.26   -15.18   -11.63     0.075
   12.31    25.98    21.93        12.42    25.82    21.89     0.205
   -7.57   -26.93   -15.16        -7.58   -26.94   -15.16     0.016
   -4.87    11.08    44.59        -4.80    11.15    44.53     0.121
    6.35    21.62    38.79         6.38    21.43    38.79     0.191
    4.08    -4.29   -22.50         4.04    -4.31   -22.48     0.051
   31.22     4.94     7.74        31.28     4.96     7.76     0.064
   20.56    13.90    55.09        20.59    13.93    55.18     0.099
  -31.48     7.10   -14.46       -31.47     7.13   -14.44     0.037
  -14.30    13.30    42.72       -14.32    13.21    42.76     0.096
  -37.52   -14.95   -48.10       -37.58   -14.98   -48.13     0.067
   -2.87     0.34   -27.25        -2.91     0.29   -27.22     0.073
    3.73    -4.78   -23.59         3.66    -4.82   -23.54     0.096
    9.45    -6.29    28.64         9.42    -6.20    28.60     0.103
    7.68    22.33     9.06         7.59    22.44     9.03     0.142
  -10.68    16.51    45.31       -10.68    16.51    45.31     0.000
    3.21    11.46    -0.82         3.23    11.42    -0.79     0.057
   33.51     4.94    -2.52        33.50     4.94    -2.52     0.002
   18.21    -6.53   -18.79        18.20    -6.49   -18.71     0.100
   13.81    23.04    53.13        13.79    23.07    53.16     0.045
  -16.54   -30.08   -44.71       -16.60   -29.95   -44.65     0.152
    4.11    -8.65   -24.78         4.04    -8.66   -24.73     0.086
    7.22   -21.81   -10.96         7.21   -21.81   -10.96     0.004
    7.55    22.71    -3.43         7.51    22.73    -3.43     0.044
   -2.77     9.16    53.25        -2.83     9.16    53.25     0.052
  -17.16   -16.28   -56.16       -17.16   -16.28   -56.18     0.025
   -2.22    -8.40   -35.56        -2.16    -8.37   -35.57     0.069
  -37.16   -25.66   -24.05       -37.16   -25.66   -24.05     0.001
  -33.48   -30.35   -30.06       -33.49   -30.37   -30.06     0.027
    1.64    -1.48    36.23         1.58    -1.56    36.23     0.099
  -17.01     3.50    -6.65       -17.08     3.61    -6.58     0.149
   18.36     5.98   -22.49        18.32     5.94   -22.58     0.101
  -11.84   -12.72   -53.23       -11.85   -12.72   -53.22     0.013
   22.28     5.17    47.12        22.35     5.16    47.14     0.078
   -2.84     2.75    25.38        -2.99     2.65    25.42     0.183
    2.86   -12.09   -27.76         2.79   -12.09   -27.72     0.078
   17.90    23.19    44.29        17.90    23.17    44.26     0.036
  -36.09   -28.24   -29.20       -36.04   -28.19   -29.21     0.069
  -35.98    -0.07   -51.65       -35.98    -0.06   -51.66     0.012
   10.90    23.32    36.63        10.88    23.36    36.64     0.053
   -9.29    10.63    37.92        -9.30    10.58    37.94     0.056
   22.38     4.72    45.68        22.47     4.70    45.69     0.097
   11.70    20.06   -24.34        11.65    20.00   -24.29     0.094
    6.44    22.09    21.88         6.44    22.10    21.88     0.005
   24.59    13.96    16.13        24.52    13.95    16.10     0.078
  -30.19     3.20   -13.06       -30.19     3.22   -13.03     0.038
  -24.42    15.33   -23.57       -24.43    15.44   -23.56     0.112
   23.89     1.49   -24.26        23.89     1.50   -24.25     0.012
   13.44   -14.39     3.53        13.44   -14.37     3.53     0.015
   20.77    12.77   -22.98        20.77    12.78   -23.00     0.029
  -27.64    11.62   -19.83       -27.64    11.62   -19.83     0.004
    5.98    15.36     3.80         6.00    15.35     3.81     0.019
   21.28     1.05    51.01        21.08     1.13    51.01     0.214
  -15.98   -27.02   -15.84       -16.00   -27.13   -15.81     0.114
   -6.84   -23.86   -12.91        -6.86   -23.84   -12.86     0.060
   14.01    17.67   -24.21        13.98    17.66   -24.17     0.056
   -2.68    13.73    50.47        -2.59    13.71    50.43     0.101
   23.40     9.75    31.62        23.45     9.76    31.62     0.043
  -39.64   -21.96   -22.36       -39.61   -21.94   -22.37     0.036
  -33.47    -7.84   -11.81       -33.49    -7.88   -11.88     0.081
  -39.09    -9.51   -38.82       -39.04    -9.53   -38.82     0.050
   -3.34    14.61    11.25        -3.31    14.51    11.27     0.110
   15.36   -17.36    -6.91        15.38   -17.43    -6.94     0.079
  -33.35   -30.06   -35.54       -33.34   -30.05   -35.54     0.017
   -7.48    23.06    41.62        -7.48    23.07    41.62     0.012
   23.09     9.26    42.56        23.06     9.26    42.56     0.034
   15.95   -12.51   -18.07        15.96   -12.44   -18.01     0.092
   -0.10     1.91    41.55        -0.16     1.87    41.54     0.068
  -32.68     9.34   -20.13       -32.67     9.27   -20.14     0.067
  -20.50   -32.10   -40.92       -20.51   -32.06   -40.89     0.056
  -13.87    -2.00   -55.39       -13.88    -2.00   -55.39     0.004
    6.74   -11.82     8.60         6.66   -11.92     8.64     0.129
   22.08    12.72    47.41        22.20    12.75    47.42     0.117
   24.70    10.44    18.81        24.65    10.42    18.79     0.057
   30.70    13.55    -9.05        30.75    13.60    -9.02     0.068
  -23.83   -13.73   -56.99       -23.80   -13.75   -56.91     0.083
   26.81    18.95    -4.16        26.81    18.95    -4.16     0.005
  -21.80   -33.66   -33.71       -21.78   -33.72   -33.72     0.067
  -12.99    22.42    36.04       -13.00    22.50    36.02     0.083
  -14.00    10.82   -16.43       -13.97    10.72   -16.48     0.115
    0.11     1.88    36.96         0.11     1.88    36.96     0.002
   18.55    -5.10    29.93        18.49    -4.86    29.91     0.242
  -40.83     0.77   -35.80       -40.81     0.76   -35.79     0.022
   29.60    14.49    -8.37        29.60    14.49    -8.37     0.000
   14.78     3.25   -17.70        14.81     3.26   -17.65     0.057
   28.68    14.32     4.59        28.73    14.33     4.61     0.057
   31.18     0.58   -18.04        31.11     0.58   -18.03     0.078
   21.04     0.76    47.63        20.95     0.80    47.62     0.093
    6.98   -12.53   -20.73         7.07   -12.54   -20.78     0.103
  -20.74   -33.16   -27.98       -20.76   -33.04   -28.01     0.127
   32.59     1.46     3.78        32.65     1.46     3.79     0.061
  -12.05    13.09    42.77       -12.04    13.01    42.89     0.144
  -21.73     2.07    -9.76       -21.72     2.06    -9.77     0.015
   22.28     4.73    51.45        22.29     4.73    51.45     0.017
   -2.87    10.62    48.23        -2.93    10.61    48.23     0.067
   16.16     5.63   -20.35        16.16     5.65   -20.34     0.026
   -3.11   -24.48   -38.03        -3.10   -24.48   -38.04     0.005
  -16.46   -27.76   -17.19       -16.46   -27.78   -17.18     0.015
