400 PA5-J-Unknown-Output.txt 6
   -4.4045   77.0975   37.7023 -116.0111  -25.1585  -35.5519
    6.19    -1.14    65.14         6.20    -1.14    65.20     0.054
   19.63    20.04    36.82        19.66    20.05    36.82     0.027
   -0.84   -17.67   -33.91        -0.85   -17.67   -33.90     0.009
   -3.21    11.20    39.71        -3.16    11.20    39.70     0.049
  -10.22    16.15    26.26       -10.31    16.08    26.24     0.121
    1.44    -8.72    17.70         1.39    -8.84    17.70     0.131
    7.04     5.92   -16.79         7.03     5.90   -16.77     0.028
   36.74     3.91    -9.57        36.64     3.92    -9.55     0.102
   -1.74    -5.06    64.38        -1.69    -5.00    64.35     0.082
    8.12    -6.85    24.91         8.11    -6.81    24.91     0.044
   -3.26    27.12    21.75        -3.26    27.02    21.78     0.099
   18.14     1.09    61.56        18.07     1.14    61.55     0.090
   35.62     9.07   -11.65        35.77     9.07   -11.68     0.157
   10.67   -14.63   -11.27        10.67   -14.62   -11.26     0.015
  -32.23     4.73   -41.56       -32.24     4.76   -41.58     0.044
   -9.96    15.80    26.99       -10.00    15.73    26.99     0.080
  -42.87   -13.33   -40.46       -42.86   -13.33   -40.46     0.008
    8.60   -15.83     1.54         8.61   -15.88     1.55     0.051
   20.25   -13.79    -4.82        20.29   -13.86    -4.79     0.088
  -16.13   -14.24   -50.93       -16.14   -14.24   -50.91     0.026
   -9.75   -30.11   -34.23        -9.77   -30.07   -34.23     0.040
    3.56    -5.46   -24.19         3.55    -5.46   -24.16     0.026
   -0.61   -20.88   -34.30        -0.65   -20.85   -34.26     0.062
   24.70    23.96   -18.88        24.66    23.91   -18.87     0.061
  -42.95   -10.60   -40.59       -42.89   -10.61   -40.57     0.068
   -2.65    -2.51    41.27        -2.57    -2.45    41.28     0.098
    6.32    -6.09    36.80         6.31    -6.04    36.79     0.047
  -12.70     0.62    -0.49       -12.78     0.70    -0.43     0.127
   10.06    -5.03    50.03        10.07    -5.07    50.03     0.034
  -13.73   -33.09   -25.59       -13.76   -33.02   -25.60     0.080
   -3.77     3.83    41.93        -3.94     3.85    41.94     0.171
  -17.31     3.37   -45.94       -17.27     3.42   -46.00     0.088
  -31.21     2.56   -44.30       -31.20     2.53   -44.28     0.035
    5.76    -5.76    44.84         5.77    -5.83    44.85     0.070
  -32.04   -33.10   -27.55       -32.01   -33.04   -27.55     0.067
  -25.49    12.26   -29.42       -25.47    12.23   -29.42     0.038
   17.70   -10.25     1.99        17.72   -10.27     2.00     0.030
    2.77    19.54     9.45         2.83    19.47     9.52     0.117
   -3.20    -2.83    57.93        -3.16    -2.80    57.93     0.051
   -3.28   -17.67    -7.20        -3.28   -17.78    -7.14     0.127
  -26.65     5.28   -16.39       -26.65     5.31   -16.36     0.044
    3.19    -0.96   -23.36         3.17    -0.97   -23.33     0.035
   -7.33     1.97    10.63        -7.41     1.99    10.66     0.082
  -26.85   -12.62    -7.10       -26.86   -12.69    -7.20     0.124
  -21.16    -9.67    -5.26       -21.16    -9.67    -5.27     0.009
  -18.64    11.98   -34.35       -18.64    11.98   -34.35     0.000
   -3.62     6.78    62.52        -3.60     6.77    62.52     0.017
   -3.37    12.47    12.22        -3.31    12.45    12.25     0.072
   10.49    10.76   -10.32        10.49    10.74   -10.31     0.025
   -6.95    25.98    25.50        -6.97    26.01    25.50     0.036
   21.93     2.28   -26.78        21.85     2.23   -26.92     0.175
   26.40    14.31    19.04        26.32    14.28    19.02     0.095
  -11.22    18.47    29.73       -11.31    18.47    29.76     0.103
   31.47     1.33    10.54        31.45     1.32    10.50     0.041
  -20.02   -22.54    -8.09       -20.03   -22.51    -8.15     0.069
   -0.28   -23.18   -18.28        -0.20   -23.26   -18.27     0.112
   -3.16     8.23    57.43        -3.08     8.20    57.43     0.080
   -6.58   -10.44   -41.99        -6.58   -10.44   -42.00     0.008
    0.61    19.54    11.35         0.63    19.54    11.38     0.036
   25.20    24.05     7.32        25.15    23.99     7.31     0.079
   -3.89     5.65    27.60        -4.02     5.65    27.61     0.129
   -3.45   -25.86   -28.53        -3.45   -25.85   -28.53     0.008
    1.43    14.94     8.09         1.55    14.79     8.18     0.218
    3.82   -13.35     0.63         3.79   -13.42     0.65     0.081
   37.12     4.22    -3.61        37.18     4.24    -3.59     0.061
   -3.47    -2.11    54.71        -3.41    -2.06    54.72     0.076
   13.43   -10.30     6.40        13.41   -10.22     6.36     0.093
  -30.73     7.41   -37.99       -30.76     7.46   -38.01     0.055
   13.93   -12.38     2.37        13.91   -12.35     2.36     0.036
   18.68    10.96   -25.12        18.65    10.96   -25.13     0.036
    3.33     1.32   -22.43         3.39     1.38   -22.50     0.100
    4.36    12.86    -1.08         4.36    12.87    -1.08     0.003
   31.20     0.85   -27.67        31.20     0.85   -27.66     0.003
   -1.49    -6.41    23.81        -1.48    -6.40    23.81     0.017
  -34.27   -31.35   -30.82       -34.35   -31.46   -30.84     0.129
   24.12    -8.84    -0.05        24.12    -8.82    -0.06     0.024
   -8.23   -25.73   -39.04        -8.22   -25.73   -39.05     0.010
   10.23    -7.61    19.21        10.11    -7.42    19.15     0.239
  -14.64     0.38   -46.43       -14.67     0.34   -46.37     0.078
    7.69     7.67    66.53         7.73     7.67    66.54     0.043
  -16.84    11.53   -25.10       -16.87    11.47   -25.13     0.081
   18.38    27.53    10.23        18.31    27.20    10.20     0.337
    0.44    -7.24    24.73         0.42    -7.34    24.75     0.109
   32.21    14.66   -20.41        32.35    14.70   -20.43     0.140
   19.82    -0.87    31.91        19.84    -0.90    31.92     0.041
   -3.32     7.80    45.93        -3.25     7.78    45.93     0.072
  -28.75   -31.88   -17.62       -28.74   -31.86   -17.63     0.022
   34.40    10.82   -16.67        34.32    10.83   -16.66     0.077
  -16.72   -27.20   -12.68       -16.72   -27.21   -12.67     0.023
   -1.81    -5.14   -29.16        -1.85    -5.13   -29.12     0.062
  -14.78   -14.01   -50.17       -14.76   -14.03   -50.25     0.091
   -1.78    -3.12    46.40        -1.83    -3.17    46.39     0.071
  -25.93   -23.40   -48.64       -25.93   -23.46   -48.71     0.089
   34.76    12.78    -1.03        34.63    12.71    -1.03     0.150
   -2.43   -24.27   -13.99        -2.45   -24.24   -14.01     0.041
    7.16     2.18   -20.09         7.12     2.15   -20.01     0.087
  -17.05    12.04   -27.69       -17.04    12.09   -27.69     0.051
  -35.05     4.85   -18.31       -35.03     4.82   -18.32     0.038
  -36.60     1.98   -15.30       -36.59     1.97   -15.31     0.014
    0.33   -20.73   -29.48         0.30   -20.72   -29.48     0.031
    5.17   -16.01    -5.74         5.15   -15.91    -5.76     0.105
   14.86     7.99    65.28        14.86     8.00    65.23     0.046
  -16.79   -20.00   -49.80       -16.84   -19.95   -49.71     0.113
   12.58    -6.85    16.06        12.58    -6.85    16.06     0.003
   25.12    20.58   -22.47        25.16    20.63   -22.50     0.071
    1.47    -1.74   -24.81         1.46    -1.75   -24.80     0.022
  -27.65   -22.70   -49.26       -27.64   -22.65   -49.18     0.097
  -10.18    19.94    31.87       -10.03    19.93    31.74     0.193
  -12.05   -11.33    -0.35       -12.03   -11.31    -0.37     0.034
  -21.84     9.91   -39.09       -21.84     9.87   -39.05     0.057
   18.75    21.37    40.51        18.87    21.42    40.52     0.133
   -6.74    16.85    33.69        -6.82    16.78    33.76     0.128
  -20.95    -3.10   -50.29       -20.94    -3.11   -50.21     0.076
  -18.32    -2.89    -5.13       -18.34    -2.87    -5.11     0.038
  -39.49   -27.18   -29.67       -39.53   -27.21   -29.68     0.044
  -32.21     5.67   -39.96       -32.24     5.72   -39.99     0.069
    1.51   -10.53    11.52         1.50   -10.56    11.53     0.033
   34.68     2.52     5.93        34.61     2.55     5.91     0.078
   14.68    13.37    64.65        14.69    13.38    64.67     0.027
   10.66    18.68    -2.90        10.79    18.66    -2.84     0.147
   12.09    -9.86     8.91        11.99    -9.71     8.87     0.182
   25.50    24.19    -0.56        25.55    24.24    -0.56     0.068
  -21.96   -27.63   -11.99       -21.96   -27.65   -11.97     0.035
   16.79    24.95   -15.14        16.76    25.00   -15.14     0.063
   14.72    24.12    -9.00        14.79    24.08    -8.99     0.082
   29.47    20.86   -10.10        29.48    20.87   -10.10     0.011
  -29.23   -21.11    -7.98       -29.22   -21.09    -7.95     0.036
  -44.71   -15.20   -21.69       -44.67   -15.18   -21.70     0.043
  -11.48     2.37    -3.84       -11.62     2.60    -3.82     0.265
   -5.75    23.11    16.81        -5.73    23.09    16.85     0.049
  -25.36     2.80   -14.76       -25.36     2.86   -14.65     0.122
   18.04    12.76    54.38        17.96    12.72    54.36     0.091
   -4.28     2.04    33.37        -4.04     2.02    33.37     0.231
  -31.66   -21.99    -9.27       -31.69   -22.01    -9.23     0.054
   17.75    23.34   -26.30        17.74    23.39   -26.39     0.100
  -29.29    -1.62   -48.25       -29.31    -1.59   -48.29     0.053
    0.26    -6.02    59.31         0.30    -5.94    59.31     0.084
   20.99    11.49   -27.12        20.98    11.49   -27.13     0.013
   19.23     3.97   -25.53        19.20     3.96   -25.58     0.062
  -31.57     7.74   -36.57       -31.58     7.78   -36.60     0.048
   21.76   -11.80    -4.20        21.74   -11.78    -4.22     0.036
    1.61    -5.25   -25.57         1.64    -5.26   -25.61     0.057
  -40.21     3.11   -24.38       -40.11     2.99   -24.44     0.170
  -19.52    -8.95   -51.15       -19.52    -8.95   -51.15     0.004
  -23.29   -31.50   -15.73       -23.28   -31.55   -15.64     0.106
   -4.49    18.20    14.78        -4.43    18.19    14.84     0.079
  -24.53    -8.52   -51.40       -24.54    -8.55   -51.34     0.060
    9.50    19.90     0.70         9.45    19.90     0.68     0.059
  -37.60   -29.13   -26.31       -37.47   -28.98   -26.33     0.197
  -31.05   -23.04    -9.15       -31.02   -23.02    -9.22     0.078
  -29.56   -21.94    -8.13       -29.56   -21.94    -8.12     0.004
    6.82    15.97    64.80         6.82    15.99    64.82     0.031
   19.56    -7.08     6.40        19.56    -7.09     6.40     0.011
    8.71    17.98     1.31         8.63    18.02     1.27     0.107
    1.24    12.37     3.63         1.39    12.18     3.73     0.266
   -3.00    -3.51    61.56        -2.95    -3.46    61.56     0.068
   33.63    14.24    -1.97        33.60    14.22    -1.97     0.028
    4.95    20.31     8.11         4.96    20.31     8.12     0.010
  -41.46   -23.57   -23.71       -41.55   -23.63   -23.69     0.105
    0.13   -13.77   -26.73         0.05   -13.78   -26.65     0.119
  -17.55     9.60   -39.64       -17.55     9.60   -39.64     0.001
   27.02    -4.11   -25.89        27.03    -4.07   -25.84     0.069
   31.37     0.58   -27.57        31.33     0.58   -27.53     0.056
    3.43    12.09    -1.43         3.41    12.11    -1.44     0.032
   18.48     9.70    58.22        18.64     9.77    58.23     0.184
   -5.49   -21.18    -9.08        -5.48   -21.18    -9.08     0.003
   -9.70    15.88    23.84        -9.66    15.92    23.83     0.056
    1.33    -6.47    31.69         1.36    -6.40    31.67     0.078
    4.44    16.15    53.39         4.48    16.07    53.38     0.087
   22.89    -8.99    -0.34        22.89    -8.98    -0.35     0.012
  -38.00    -0.85   -14.15       -37.98    -0.87   -14.19     0.043
    1.69     9.55    -5.92         1.69     9.54    -5.92     0.018
    0.24    13.67    49.10         0.27    13.63    49.10     0.055
   -4.08    -0.26    37.40        -3.90    -0.19    37.40     0.194
  -34.53    -7.01   -48.52       -34.49    -7.04   -48.45     0.088
   14.46    22.48    42.29        14.45    22.47    42.29     0.016
   19.54    -1.03    31.66        19.64    -1.14    31.68     0.147
  -23.90     4.76   -15.58       -23.90     4.71   -15.62     0.067
  -33.54     5.07   -40.22       -33.52     5.02   -40.20     0.056
   12.34    -4.21    57.87        12.49    -4.47    57.88     0.304
   -8.26   -12.85    -0.16        -8.26   -12.86    -0.16     0.006
  -13.33     1.05    -1.72       -13.32     1.04    -1.72     0.018
   16.48    -5.42   -22.68        16.48    -5.40   -22.66     0.033
   21.39    24.60    15.13        21.43    24.66    15.14     0.064
   23.76    15.32    23.79        23.82    15.33    23.81     0.063
   27.70    -4.26   -25.59        27.70    -4.28   -25.60     0.014
  -40.81   -11.46   -11.63       -40.76   -11.45   -11.66     0.055
   34.34     5.73     7.96        34.40     5.70     8.02     0.089
   12.06    -4.42    30.88        12.06    -4.43    30.88     0.010
  -38.55   -12.44    -9.87       -38.56   -12.45    -9.85     0.024
  -32.03   -12.16    -6.78       -32.05   -12.17    -6.85     0.066
   36.66     2.07    -5.36        36.69     2.05    -5.35     0.038
   -3.76   -22.33   -36.34        -3.83   -22.28   -36.28     0.112
    3.26   -18.26   -19.37         3.34   -18.30   -19.40     0.090
   23.16    -8.30     1.17        23.16    -8.24     1.15     0.056
  -43.20   -11.63   -38.07       -43.20   -11.63   -38.07     0.002
    9.62    23.77     4.73         9.60    23.83     4.70     0.074
    1.96    -6.54    64.55         1.96    -6.67    64.60     0.142
   14.05    12.04   -10.94        14.09    11.97   -10.91     0.086
    6.61    18.62    46.68         6.63    18.57    46.67     0.052
  -43.15   -10.67   -39.02       -43.07   -10.68   -39.02     0.084
   13.91     7.53   -16.22        13.87     7.60   -16.30     0.114
  -28.78   -31.62   -38.22       -28.79   -31.66   -38.25     0.051
   -0.72    15.96    42.74        -0.60    15.89    42.65     0.161
  -25.91   -13.45   -51.95       -25.91   -13.45   -51.95     0.009
   32.07    -0.60     7.69        32.32    -0.77     7.75     0.308
  -45.07   -11.55   -32.04       -45.11   -11.57   -32.07     0.048
  -30.41   -32.33   -20.75       -30.41   -32.31   -20.76     0.019
   -3.30    -7.78    17.80        -3.30    -7.79    17.80     0.011
   12.33    22.10    41.03        12.43    21.87    41.05     0.258
   -6.90   -25.84   -14.53        -6.91   -25.81   -14.55     0.039
   31.98     5.02   -27.92        31.95     5.03   -27.88     0.042
  -32.70   -30.92   -20.72       -32.75   -31.02   -20.67     0.122
   17.89    11.45   -23.23        17.82    11.44   -23.26     0.077
   16.60    21.54   -27.83        16.59    21.60   -27.88     0.074
   -4.10     8.98     8.50        -4.13     9.00     8.49     0.040
   27.78    22.20   -11.04        27.84    22.28   -11.04     0.103
   11.96    -4.18    34.99        12.00    -4.28    34.99     0.112
   15.94    16.47   -19.63        15.97    16.49   -19.63     0.036
  -10.46    18.02    20.60       -10.44    18.03    20.61     0.023
    8.74    11.31    -7.73         8.73    11.35    -7.75     0.047
    3.22    18.99    42.48         3.19    19.03    42.51     0.066
   -1.38   -17.40   -35.46        -1.26   -17.38   -35.49     0.129
   16.41    14.86   -20.04        16.46    14.88   -20.02     0.062
   -3.47   -19.79   -37.93        -3.44   -19.82   -37.97     0.056
   -8.32    -4.05     9.78        -8.27    -4.03     9.76     0.060
    9.96    -1.30    64.85         9.96    -1.30    64.82     0.030
   18.85    22.01   -26.58        18.90    22.06   -26.63     0.084
  -27.99   -33.41   -21.02       -28.03   -33.50   -20.99     0.102
  -21.16    -9.88    -5.25       -21.15    -9.88    -5.25     0.004
   35.21     4.05   -14.93        35.21     4.05   -14.93     0.002
   10.29    25.47    12.25        10.28    25.50    12.25     0.030
  -39.25   -23.58   -38.45       -39.33   -23.62   -38.49     0.097
   28.10    21.66     1.24        28.11    21.67     1.24     0.008
   16.13    -2.12    39.89        16.27    -2.30    39.92     0.234
   -2.02    25.81    32.50        -2.03    25.87    32.55     0.074
   -7.35     5.61    -6.19        -7.32     5.56    -6.20     0.065
  -44.90   -18.40   -28.08       -44.82   -18.38   -28.09     0.084
  -32.25     5.60   -40.21       -32.24     5.59   -40.20     0.026
  -29.10   -24.49    -9.13       -29.11   -24.50    -9.08     0.048
   -8.23    22.45    18.59        -8.24    22.46    18.58     0.016
  -11.16   -23.21    -9.69       -11.16   -23.22    -9.68     0.021
    2.64    24.82    27.72         2.67    24.89    27.74     0.075
   -5.47    12.72    16.66        -5.51    12.71    16.65     0.047
   -4.57     2.53    57.45        -4.64     2.53    57.44     0.069
   24.51    24.76   -16.67        24.43    24.67   -16.64     0.119
  -28.67   -20.39    -8.12       -28.67   -20.39    -8.12     0.001
  -15.17   -16.75   -49.99       -15.17   -16.75   -49.99     0.005
    4.31    20.75    39.85         4.29    20.56    39.79     0.198
   21.79    20.13   -25.91        21.76    20.11   -25.87     0.058
   -5.67     7.42    10.34        -5.73     7.46    10.32     0.073
    2.28    25.27    24.84         2.30    25.32    24.84     0.055
  -39.60   -15.45   -11.09       -39.55   -15.44   -11.12     0.060
   18.02     9.58   -24.10        17.98     9.60   -24.11     0.044
  -40.27   -22.41   -18.12       -40.25   -22.40   -18.13     0.031
   16.07    -4.96    17.90        16.05    -4.90    17.89     0.065
   -0.80    -0.63   -26.26        -0.73    -0.61   -26.33     0.094
    6.04   -12.16     7.28         6.08   -12.05     7.27     0.119
  -15.33   -33.52   -28.97       -15.36   -33.38   -28.96     0.145
    3.87    -5.99    40.09         3.87    -6.07    40.09     0.076
  -32.52     2.81   -14.22       -32.51     2.84   -14.29     0.077
   33.62     4.20   -23.81        33.52     4.20   -23.80     0.108
   25.13    23.40     9.12        25.10    23.38     9.10     0.044
    0.40    19.07    11.51         0.41    19.07    11.53     0.016
    2.18    13.19    64.07         2.20    13.17    64.01     0.068
  -31.19   -32.49   -34.78       -31.25   -32.60   -34.81     0.133
   12.69     9.73    65.26        12.69     9.73    65.24     0.019
   -3.87     6.16    41.42        -3.65     6.12    41.42     0.219
  -37.43   -12.96    -9.66       -37.44   -12.96    -9.63     0.030
   28.01    16.22    12.90        28.11    16.26    12.93     0.106
  -37.73     3.08   -37.84       -37.79     3.15   -37.86     0.093
   -3.40     7.19    51.37        -3.51     7.24    51.37     0.117
   16.64    -1.15    53.27        16.60    -1.11    53.26     0.060
   11.98   -11.69     5.01        11.95   -11.58     4.93     0.137
    0.11    23.92    33.74         0.09    23.88    33.72     0.051
   -1.59     0.89    65.34        -1.59     0.89    65.33     0.014
  -10.27   -23.34    -9.88       -10.28   -23.29    -9.93     0.068
    3.34    -1.20   -23.29         3.35    -1.19   -23.31     0.027
  -10.59    16.81    22.61       -10.60    16.80    22.61     0.018
  -28.72   -32.90   -36.41       -28.77   -32.99   -36.48     0.120
   -6.55     7.80   -13.65        -6.55     7.80   -13.65     0.008
   31.26    18.89   -12.86        31.28    18.91   -12.86     0.025
   14.70    -4.34    24.06        14.71    -4.43    24.07     0.094
   13.31    25.09    22.42        13.29    24.94    22.39     0.150
   -3.13   -26.37   -19.17        -3.13   -26.37   -19.17     0.010
  -43.87   -18.05   -22.01       -43.83   -18.03   -22.02     0.051
  -13.53   -32.34   -33.72       -13.53   -32.34   -33.72     0.000
   14.31    26.58    -0.70        14.43    26.39    -0.65     0.228
   26.16     1.21   -28.26        26.15     1.23   -28.21     0.052
    0.04   -17.29    -6.94         0.05   -17.49    -6.85     0.219
   15.15    10.97   -13.63        15.27    10.90   -13.57     0.148
  -19.82   -33.32   -19.74       -19.84   -33.27   -19.75     0.049
  -15.18   -10.60    -2.58       -15.21   -10.64    -2.54     0.065
   -2.84    -2.86    55.58        -2.85    -2.86    55.58     0.005
   -2.34    23.00    14.77        -2.37    23.06    14.71     0.087
   -3.34   -10.32     7.67        -3.33   -10.29     7.65     0.033
   15.12    25.54    17.98        15.11    25.67    18.02     0.144
   -5.96    -2.08    17.02        -5.88    -2.09    16.99     0.086
  -33.26   -22.30   -46.41       -33.27   -22.31   -46.42     0.022
  -11.30   -26.76   -13.57       -11.31   -26.67   -13.62     0.107
   20.11    19.03    37.23        20.17    19.06    37.23     0.064
   -0.43    -7.04    24.75        -0.47    -7.12    24.77     0.096
   -7.54     3.11   -32.48        -7.55     3.11   -32.48     0.007
   15.46    13.30    64.31        15.47    13.30    64.32     0.011
  -22.96   -33.62   -37.48       -22.96   -33.60   -37.47     0.024
  -24.85   -32.70   -17.77       -24.84   -32.74   -17.75     0.046
   29.51     5.72    13.12        29.51     5.72    13.12     0.001
   10.56    13.26    -6.04        10.53    13.29    -6.09     0.060
    1.77    -6.60    56.67         1.79    -6.56    56.68     0.039
   -4.00   -11.08     5.47        -3.99   -11.00     5.45     0.085
   -5.77    -3.26    17.11        -5.78    -3.27    17.11     0.009
    3.09     5.12   -19.49         3.04     5.07   -19.45     0.075
   19.43     4.38    57.29        19.37     4.39    57.29     0.064
    3.73   -13.18     1.05         3.71   -13.23     1.07     0.063
   30.79    -2.72   -26.84        30.83    -2.74   -26.89     0.059
    9.00    18.95    56.72         8.90    19.07    56.73     0.155
   23.93    19.19   -25.09        23.88    19.13   -24.98     0.137
  -28.20   -34.30   -29.46       -28.19   -34.24   -29.46     0.062
  -41.33     2.26   -25.18       -41.28     2.20   -25.20     0.082
  -26.74   -16.90    -7.50       -26.74   -16.90    -7.49     0.014
   34.38     2.51   -17.94        34.43     2.51   -17.95     0.050
   -3.73   -11.47   -36.09        -3.78   -11.49   -36.07     0.060
  -36.11   -18.62    -9.78       -36.11   -18.63    -9.67     0.113
   -0.61    -6.88    25.06        -0.65    -6.97    25.08     0.099
   -7.58   -10.86     3.12        -7.59   -10.88     3.13     0.032
  -10.07   -26.19   -13.34       -10.06   -26.21   -13.33     0.026
   15.10    26.72    -0.86        15.09    26.74    -0.87     0.033
  -21.62    12.01   -34.25       -21.62    12.07   -34.27     0.059
    0.52   -15.03    -2.25         0.51   -14.99    -2.28     0.055
    0.42   -22.83   -20.76         0.49   -22.89   -20.76     0.089
   17.73    10.90    63.24        17.67    10.87    63.23     0.069
   29.15     6.22   -30.47        29.16     6.22   -30.48     0.015
   33.80     7.06   -24.06        33.68     7.04   -24.04     0.123
   -1.29   -17.38   -35.25        -1.20   -17.36   -35.28     0.101
    1.49   -21.50   -19.85         1.49   -21.50   -19.85     0.000
    6.68   -13.68     3.79         6.68   -13.69     3.80     0.017
  -41.08     2.64   -28.06       -41.07     2.63   -28.06     0.011
   -4.59     1.81    58.06        -4.76     1.82    58.04     0.175
   17.98    11.84   -23.92        18.02    11.84   -23.91     0.034
    6.44    -7.79   -22.94         6.44    -7.78   -22.92     0.018
   13.98    12.89    -9.49        14.00    12.88    -9.47     0.024
   -4.68    -1.60    22.05        -4.69    -1.60    22.05     0.017
   12.87    21.34    49.72        12.80    21.42    49.74     0.100
   23.12    15.09   -27.23        23.11    15.05   -27.19     0.052
   -5.67     9.35    18.68        -5.66     9.35    18.68     0.004
   -4.10     1.30    30.43        -4.13     1.30    30.43     0.031
   15.90    24.61   -12.67        15.98    24.51   -12.66     0.129
   17.56    25.61   -12.45        17.56    25.62   -12.45     0.007
   23.75     7.74    25.81        23.82     7.74    25.83     0.074
    9.22    23.43     3.78         9.25    23.33     3.83     0.118
  -38.28     3.50   -35.96       -38.25     3.46   -35.95     0.056
   13.78     2.57   -22.28        13.82     2.49   -22.21     0.113
   34.19    -0.26    -0.70        34.21    -0.32    -0.69     0.063
   -4.91    23.72    33.92        -4.87    23.64    33.82     0.127
   -6.92    -6.08    11.35        -6.86    -6.07    11.32     0.062
   23.33     7.18   -28.74        23.34     7.18   -28.73     0.005
    0.69    -8.49    17.94         0.67    -8.54    17.94     0.049
  -43.77    -2.97   -22.98       -43.81    -2.95   -22.98     0.046
   27.51    10.74   -29.47        27.51    10.75   -29.49     0.024
   -4.39     7.32    27.42        -4.34     7.33    27.41     0.055
   34.16     5.54   -20.58        34.07     5.55   -20.57     0.094
  -35.35   -29.98   -22.80       -35.32   -29.95   -22.81     0.044
    5.83    24.48    20.43         5.82    24.54    20.43     0.059
   32.79     7.83   -26.52        32.73     7.80   -26.50     0.068
   -8.97     0.63   -39.85        -8.94     0.64   -39.86     0.034
   24.02     9.63   -28.81        24.01     9.62   -28.83     0.021
  -23.33    12.47   -23.69       -23.33    12.48   -23.69     0.005
   -3.94     7.50    32.69        -4.01     7.49    32.69     0.066
  -37.09     1.77   -15.66       -37.07     1.75   -15.67     0.028
  -31.24   -16.85    -7.93       -31.24   -16.86    -7.93     0.007
    3.24    25.04    20.51         3.26    25.13    20.50     0.095
   -4.10   -19.60    -8.73        -4.10   -19.61    -8.79     0.053
   -5.06     1.07   -29.41        -5.03     1.09   -29.43     0.037
  -37.62    -5.21   -12.28       -37.64    -5.18   -12.20     0.084
   -3.31    -1.81    39.41        -3.18    -1.74    39.40     0.146
   11.12    25.84    14.46        11.12    25.84    14.46     0.003
   33.93     2.46     7.06        33.97     2.45     7.09     0.050
   18.14    25.92   -15.58        18.18    25.85   -15.58     0.089
   14.99    -5.71    16.35        14.98    -5.64    16.34     0.067
   13.37    25.19    20.36        13.37    25.22    20.37     0.031
   22.97    25.54   -15.42        23.00    25.64   -15.44     0.109
   18.97   -11.67    -1.44        18.97   -11.67    -1.44     0.004
  -29.36     6.57   -17.08       -29.33     6.69   -16.97     0.173
   10.65    25.62    15.68        10.67    25.58    15.68     0.041
    1.52    14.77     8.20         1.52    14.77     8.20     0.000
    3.94    22.71    33.36         3.90    22.59    33.31     0.136
   11.42    18.50    -4.09        11.41    18.50    -4.10     0.019
   -0.36    -4.62   -27.93        -0.37    -4.62   -27.92     0.015
   18.46    10.55    57.66        18.35    10.51    57.65     0.115
   -3.38    25.97    30.34        -3.40    26.06    30.35     0.093
  -20.01    -3.33   -50.37       -20.01    -3.33   -50.36     0.019
   -8.06    -9.51     4.53        -8.07    -9.52     4.54     0.023
   -4.26     0.17    24.37        -4.36     0.16    24.38     0.095
   22.48    26.09     0.60        22.54    26.20     0.58     0.132
    4.93    -5.85    51.51         4.92    -6.13    51.50     0.279
    8.24    18.46    54.99         8.16    18.54    54.99     0.119
   -2.92    -2.00    42.30        -2.93    -2.00    42.30     0.002
   -3.95     3.94    35.25        -3.90     3.94    35.25     0.049
   20.88    22.98    22.55        20.80    22.89    22.52     0.119
  -20.52     8.71   -40.14       -20.53     8.77   -40.21     0.092
