400 PA5-J-Unknown-Answer.txt 6
   -4.3968   76.9934   38.0192 -116.2182  -24.9137  -35.6591
    6.24    -1.21    65.14         6.26    -1.21    65.19     0.050
   19.67    19.99    36.83        19.69    19.99    36.83     0.017
   -0.85   -17.65   -33.92        -0.86   -17.65   -33.92     0.009
   -3.16    11.15    39.72        -3.15    11.15    39.72     0.012
  -10.18    16.11    26.29       -10.29    16.04    26.26     0.133
    1.47    -8.75    17.69         1.43    -8.85    17.70     0.111
    7.04     5.92   -16.79         7.04     5.91   -16.77     0.022
   36.75     3.90    -9.58        36.64     3.91    -9.57     0.109
   -1.69    -5.13    64.38        -1.63    -5.06    64.34     0.094
    8.15    -6.89    24.91         8.13    -6.81    24.89     0.085
   -3.23    27.08    21.78        -3.23    27.02    21.80     0.061
   18.20     1.02    61.55        18.05     1.12    61.54     0.179
   35.63     9.07   -11.66        35.77     9.06   -11.70     0.150
   10.67   -14.64   -11.28        10.67   -14.61   -11.26     0.040
  -32.24     4.75   -41.53       -32.25     4.78   -41.55     0.041
   -9.93    15.76    27.01        -9.95    15.70    27.02     0.062
  -42.88   -13.31   -40.44       -42.89   -13.31   -40.44     0.002
    8.61   -15.85     1.52         8.62   -15.88     1.53     0.034
   20.26   -13.81    -4.84        20.30   -13.87    -4.82     0.085
  -16.15   -14.21   -50.93       -16.16   -14.21   -50.92     0.014
   -9.76   -30.09   -34.24        -9.78   -30.07   -34.24     0.027
    3.56    -5.45   -24.19         3.54    -5.46   -24.17     0.029
   -0.62   -20.87   -34.31        -0.66   -20.84   -34.27     0.062
   24.70    23.96   -18.88        24.67    23.92   -18.87     0.051
  -42.97   -10.57   -40.57       -42.91   -10.58   -40.55     0.067
   -2.61    -2.56    41.28        -2.54    -2.50    41.28     0.092
    6.36    -6.14    36.79         6.33    -6.04    36.79     0.105
  -12.69     0.61    -0.47       -12.77     0.69    -0.41     0.132
   10.10    -5.09    50.02        10.09    -5.06    50.02     0.041
  -13.73   -33.08   -25.60       -13.77   -33.02   -25.61     0.071
   -3.72     3.78    41.94        -3.94     3.80    41.95     0.220
  -17.33     3.39   -45.92       -17.28     3.44   -45.98     0.086
  -31.23     2.58   -44.28       -31.21     2.56   -44.25     0.033
    5.81    -5.81    44.84         5.81    -5.82    44.84     0.007
  -32.05   -33.09   -27.55       -32.03   -33.04   -27.56     0.055
  -25.49    12.27   -29.39       -25.47    12.22   -29.39     0.054
   17.72   -10.27     1.98        17.73   -10.28     1.98     0.017
    2.79    19.52     9.47         2.83    19.46     9.52     0.084
   -3.14    -2.90    57.93        -3.11    -2.86    57.94     0.050
   -3.27   -17.68    -7.21        -3.27   -17.79    -7.15     0.126
  -26.65     5.28   -16.37       -26.65     5.30   -16.35     0.027
    3.19    -0.96   -23.36         3.17    -0.97   -23.33     0.033
   -7.31     1.95    10.63        -7.40     1.96    10.67     0.095
  -26.84   -12.63    -7.09       -26.85   -12.70    -7.20     0.132
  -21.15    -9.68    -5.25       -21.14    -9.68    -5.27     0.014
  -18.64    12.00   -34.32       -18.65    11.99   -34.32     0.010
   -3.56     6.71    62.53        -3.62     6.73    62.53     0.061
   -3.35    12.44    12.24        -3.31    12.43    12.25     0.043
   10.49    10.76   -10.32        10.49    10.74   -10.31     0.014
   -6.92    25.94    25.53        -6.96    26.00    25.53     0.070
   21.93     2.28   -26.79        21.85     2.24   -26.91     0.151
   26.43    14.28    19.04        26.33    14.24    19.01     0.108
  -11.18    18.43    29.75       -11.28    18.43    29.79     0.109
   31.49     1.30    10.52        31.48     1.29    10.50     0.021
  -20.01   -22.54    -8.09       -20.02   -22.51    -8.16     0.072
   -0.28   -23.18   -18.30        -0.20   -23.26   -18.29     0.114
   -3.10     8.17    57.44        -3.10     8.16    57.44     0.008
   -6.60   -10.42   -41.99        -6.59   -10.42   -42.01     0.016
    0.63    19.52    11.37         0.63    19.52    11.37     0.003
   25.22    24.02     7.32        25.18    23.97     7.31     0.070
   -3.86     5.61    27.61        -4.02     5.61    27.63     0.161
   -3.45   -25.85   -28.54        -3.46   -25.85   -28.54     0.003
    1.45    14.92     8.10         1.55    14.78     8.19     0.191
    3.83   -13.37     0.62         3.81   -13.43     0.64     0.073
   37.14     4.21    -3.62        37.20     4.22    -3.61     0.063
   -3.42    -2.18    54.71        -3.36    -2.13    54.72     0.074
   13.45   -10.32     6.39        13.42   -10.23     6.34     0.106
  -30.74     7.43   -37.96       -30.76     7.46   -37.97     0.043
   13.94   -12.40     2.35        13.92   -12.36     2.34     0.048
   18.68    10.97   -25.12        18.66    10.97   -25.12     0.020
    3.33     1.33   -22.43         3.39     1.38   -22.50     0.102
    4.38    12.85    -1.07         4.37    12.86    -1.07     0.018
   31.20     0.86   -27.68        31.19     0.86   -27.68     0.003
   -1.46    -6.44    23.80        -1.45    -6.43    23.81     0.017
  -34.28   -31.34   -30.83       -34.37   -31.45   -30.84     0.140
   24.13    -8.86    -0.07        24.13    -8.83    -0.09     0.031
   -8.24   -25.71   -39.06        -8.23   -25.72   -39.07     0.019
   10.26    -7.64    19.20        10.12    -7.42    19.13     0.274
  -14.66     0.40   -46.42       -14.69     0.36   -46.36     0.079
    7.75     7.60    66.53         7.75     7.60    66.53     0.008
  -16.84    11.54   -25.08       -16.88    11.46   -25.11     0.100
   18.40    27.50    10.25        18.34    27.19    10.22     0.315
    0.47    -7.28    24.72         0.46    -7.35    24.74     0.079
   32.22    14.66   -20.41        32.35    14.70   -20.44     0.148
   19.85    -0.91    31.90        19.84    -0.90    31.90     0.018
   -3.27     7.74    45.94        -3.25     7.74    45.94     0.017
  -28.75   -31.88   -17.63       -28.74   -31.87   -17.63     0.013
   34.40    10.81   -16.68        34.33    10.82   -16.67     0.077
  -16.72   -27.20   -12.69       -16.71   -27.22   -12.68     0.022
   -1.82    -5.14   -29.16        -1.86    -5.12   -29.12     0.056
  -14.80   -13.98   -50.16       -14.78   -14.00   -50.26     0.098
   -1.74    -3.18    46.40        -1.79    -3.23    46.39     0.067
  -25.95   -23.38   -48.64       -25.96   -23.45   -48.72     0.110
   34.78    12.76    -1.04        34.64    12.69    -1.04     0.149
   -2.43   -24.27   -14.01        -2.45   -24.24   -14.02     0.038
    7.16     2.18   -20.09         7.12     2.15   -20.02     0.083
  -17.05    12.05   -27.66       -17.05    12.09   -27.67     0.039
  -35.05     4.86   -18.28       -35.03     4.82   -18.29     0.046
  -36.60     1.98   -15.27       -36.59     1.97   -15.28     0.018
    0.32   -20.72   -29.50         0.30   -20.72   -29.49     0.026
    5.18   -16.02    -5.76         5.16   -15.91    -5.78     0.117
   14.92     7.92    65.28        14.92     7.93    65.23     0.050
  -16.81   -19.97   -49.80       -16.85   -19.93   -49.72     0.099
   12.60    -6.88    16.05        12.59    -6.86    16.04     0.028
   25.12    20.58   -22.47        25.16    20.63   -22.50     0.081
    1.47    -1.74   -24.81         1.46    -1.75   -24.80     0.023
  -27.68   -22.67   -49.26       -27.67   -22.63   -49.19     0.079
  -10.14    19.90    31.90        -9.99    19.89    31.76     0.203
  -12.04   -11.35    -0.35       -12.02   -11.32    -0.37     0.036
  -21.85     9.93   -39.06       -21.85     9.89   -39.02     0.057
   18.79    21.31    40.51        18.90    21.36    40.53     0.118
   -6.70    16.81    33.71        -6.76    16.75    33.77     0.105
  -20.97    -3.07   -50.27       -20.96    -3.08   -50.21     0.069
  -18.31    -2.90    -5.11       -18.33    -2.88    -5.09     0.039
  -39.50   -27.17   -29.67       -39.54   -27.20   -29.67     0.054
  -32.22     5.69   -39.93       -32.25     5.74   -39.96     0.059
    1.53   -10.56    11.52         1.52   -10.57    11.52     0.015
   34.70     2.50     5.91        34.61     2.53     5.88     0.097
   14.74    13.30    64.65        14.74    13.30    64.66     0.011
   10.67    18.66    -2.88        10.80    18.65    -2.83     0.140
   12.11    -9.88     8.89        12.00    -9.71     8.85     0.208
   25.52    24.17    -0.55        25.57    24.23    -0.56     0.079
  -21.95   -27.63   -12.00       -21.96   -27.65   -11.97     0.035
   16.80    24.94   -15.12        16.76    24.99   -15.12     0.059
   14.73    24.11    -8.99        14.80    24.07    -8.98     0.081
   29.48    20.85   -10.10        29.49    20.87   -10.10     0.021
  -29.22   -21.11    -7.97       -29.22   -21.10    -7.94     0.034
  -44.72   -15.19   -21.67       -44.68   -15.18   -21.68     0.041
  -11.47     2.36    -3.83       -11.61     2.59    -3.81     0.273
   -5.72    23.08    16.84        -5.73    23.08    16.84     0.002
  -25.35     2.80   -14.74       -25.35     2.85   -14.65     0.104
   18.09    12.70    54.38        17.99    12.64    54.36     0.115
   -4.24     2.00    33.38        -4.05     1.98    33.38     0.189
  -31.66   -22.00    -9.27       -31.68   -22.01    -9.22     0.054
   17.75    23.34   -26.29        17.74    23.40   -26.38     0.104
  -29.31    -1.59   -48.23       -29.33    -1.56   -48.27     0.049
    0.32    -6.09    59.31         0.36    -5.97    59.31     0.126
   20.99    11.50   -27.12        20.99    11.50   -27.12     0.001
   19.23     3.97   -25.54        19.20     3.97   -25.57     0.042
  -31.58     7.76   -36.54       -31.59     7.79   -36.56     0.045
   21.77   -11.82    -4.22        21.75   -11.79    -4.24     0.041
    1.60    -5.25   -25.57         1.64    -5.25   -25.62     0.059
  -40.22     3.12   -24.35       -40.10     2.99   -24.41     0.183
  -19.54    -8.92   -51.14       -19.54    -8.92   -51.15     0.004
  -23.29   -31.50   -15.74       -23.28   -31.55   -15.64     0.112
   -4.46    18.17    14.81        -4.43    18.17    14.84     0.039
  -24.55    -8.49   -51.39       -24.56    -8.52   -51.33     0.057
    9.52    19.88     0.72         9.45    19.89     0.69     0.070
  -37.61   -29.12   -26.31       -37.49   -28.98   -26.32     0.187
  -31.05   -23.04    -9.15       -31.02   -23.02    -9.21     0.078
  -29.55   -21.94    -8.12       -29.55   -21.94    -8.12     0.007
    6.88    15.90    64.81         6.89    15.94    64.86     0.062
   19.58    -7.11     6.38        19.57    -7.10     6.38     0.010
    8.73    17.96     1.32         8.63    18.01     1.28     0.123
    1.26    12.35     3.64         1.40    12.17     3.74     0.245
   -2.94    -3.58    61.56        -2.89    -3.53    61.56     0.071
   33.64    14.22    -1.98        33.62    14.21    -1.98     0.025
    4.97    20.29     8.13         4.95    20.30     8.11     0.025
  -41.47   -23.56   -23.70       -41.56   -23.63   -23.68     0.112
    0.13   -13.76   -26.74         0.04   -13.78   -26.66     0.116
  -17.56     9.62   -39.61       -17.56     9.61   -39.61     0.013
   27.01    -4.10   -25.91        27.03    -4.05   -25.84     0.093
   31.37     0.59   -27.59        31.33     0.59   -27.55     0.055
    3.44    12.07    -1.42         3.42    12.11    -1.43     0.046
   18.53     9.63    58.21        18.67     9.69    58.22     0.154
   -5.48   -21.18    -9.09        -5.48   -21.19    -9.07     0.017
   -9.67    15.85    23.86        -9.62    15.88    23.85     0.063
    1.36    -6.51    31.68         1.40    -6.42    31.67     0.100
    4.49    16.09    53.41         4.51    16.07    53.40     0.023
   22.90    -9.00    -0.36        22.90    -8.99    -0.37     0.017
  -38.00    -0.85   -14.12       -37.97    -0.87   -14.17     0.058
    1.70     9.54    -5.91         1.70     9.53    -5.91     0.009
    0.29    13.61    49.11         0.28    13.62    49.11     0.005
   -4.04    -0.30    37.40        -3.89    -0.25    37.41     0.168
  -34.55    -6.98   -48.50       -34.51    -7.01   -48.44     0.083
   14.50    22.43    42.30        14.51    22.46    42.30     0.030
   19.58    -1.08    31.64        19.64    -1.14    31.66     0.089
  -23.90     4.76   -15.55       -23.89     4.69   -15.61     0.083
  -33.55     5.09   -40.19       -33.53     5.03   -40.16     0.066
   12.39    -4.28    57.87        12.50    -4.46    57.87     0.215
   -8.24   -12.87    -0.16        -8.24   -12.87    -0.16     0.002
  -13.32     1.04    -1.70       -13.31     1.03    -1.71     0.011
   16.48    -5.42   -22.69        16.48    -5.38   -22.65     0.058
   21.42    24.57    15.14        21.46    24.64    15.16     0.078
   23.79    15.28    23.79        23.83    15.29    23.80     0.042
   27.70    -4.26   -25.61        27.70    -4.26   -25.60     0.006
  -40.81   -11.46   -11.61       -40.76   -11.45   -11.64     0.053
   34.35     5.70     7.95        34.41     5.67     8.00     0.080
   12.09    -4.46    30.87        12.07    -4.42    30.87     0.047
  -38.55   -12.45    -9.85       -38.55   -12.45    -9.84     0.011
  -32.03   -12.17    -6.77       -32.05   -12.17    -6.85     0.081
   36.67     2.05    -5.38        36.69     2.04    -5.38     0.028
   -3.77   -22.32   -36.36        -3.84   -22.27   -36.29     0.112
    3.26   -18.26   -19.39         3.34   -18.30   -19.41     0.091
   23.17    -8.31     1.16        23.17    -8.25     1.13     0.069
  -43.21   -11.61   -38.04       -43.21   -11.61   -38.04     0.004
    9.64    23.75     4.75         9.61    23.84     4.71     0.102
    2.02    -6.61    64.55         2.02    -6.69    64.57     0.079
   14.06    12.03   -10.94        14.10    11.97   -10.91     0.080
    6.66    18.56    46.69         6.65    18.56    46.69     0.004
  -43.16   -10.64   -39.00       -43.08   -10.66   -39.00     0.085
   13.91     7.53   -16.22        13.87     7.60   -16.30     0.117
  -28.79   -31.60   -38.22       -28.81   -31.65   -38.26     0.064
   -0.68    15.90    42.75        -0.57    15.85    42.68     0.138
  -25.93   -13.42   -51.94       -25.93   -13.43   -51.96     0.017
   32.09    -0.63     7.67        32.32    -0.78     7.72     0.279
  -45.08   -11.53   -32.02       -45.13   -11.56   -32.05     0.061
  -30.42   -32.32   -20.76       -30.41   -32.31   -20.76     0.010
   -3.27    -7.81    17.80        -3.27    -7.80    17.80     0.013
   12.38    22.05    41.04        12.45    21.87    41.06     0.195
   -6.90   -25.84   -14.54        -6.91   -25.81   -14.56     0.035
   31.97     5.03   -27.93        31.94     5.04   -27.90     0.045
  -32.70   -30.92   -20.72       -32.76   -31.02   -20.67     0.130
   17.89    11.45   -23.23        17.83    11.45   -23.25     0.062
   16.59    21.55   -27.82        16.59    21.61   -27.87     0.073
   -4.08     8.95     8.51        -4.13     8.99     8.50     0.064
   27.78    22.19   -11.04        27.85    22.28   -11.03     0.113
   12.00    -4.22    34.98        12.02    -4.27    34.98     0.050
   15.95    16.47   -19.62        15.99    16.51   -19.63     0.056
  -10.43    17.99    20.62       -10.44    17.99    20.62     0.013
    8.75    11.30    -7.72         8.74    11.35    -7.75     0.057
    3.27    18.93    42.49         3.23    19.00    42.54     0.096
   -1.39   -17.39   -35.47        -1.27   -17.37   -35.50     0.129
   16.41    14.86   -20.03        16.48    14.88   -20.01     0.076
   -3.49   -19.77   -37.95        -3.45   -19.80   -37.99     0.058
   -8.30    -4.07     9.79        -8.26    -4.05     9.76     0.054
   10.02    -1.37    64.84        10.02    -1.37    64.83     0.010
   18.85    22.01   -26.57        18.90    22.07   -26.63     0.098
  -27.99   -33.40   -21.02       -28.04   -33.50   -20.99     0.112
  -21.15    -9.89    -5.24       -21.14    -9.89    -5.25     0.008
   35.22     4.05   -14.95        35.21     4.05   -14.95     0.004
   10.32    25.45    12.27        10.30    25.50    12.27     0.059
  -39.27   -23.56   -38.44       -39.36   -23.60   -38.48     0.107
   28.12    21.64     1.24        28.13    21.65     1.24     0.016
   16.17    -2.17    39.88        16.27    -2.30    39.90     0.165
   -1.98    25.77    32.53        -2.00    25.83    32.58     0.079
   -7.34     5.60    -6.17        -7.31     5.55    -6.18     0.062
  -44.91   -18.39   -28.06       -44.83   -18.36   -28.07     0.081
  -32.26     5.63   -40.18       -32.25     5.61   -40.17     0.029
  -29.10   -24.50    -9.13       -29.11   -24.50    -9.08     0.050
   -8.20    22.42    18.62        -8.25    22.43    18.58     0.060
  -11.16   -23.21    -9.70       -11.15   -23.23    -9.68     0.028
    2.68    24.78    27.74         2.71    24.85    27.76     0.084
   -5.44    12.69    16.68        -5.51    12.68    16.67     0.067
   -4.52     2.47    57.45        -4.64     2.47    57.44     0.128
   24.51    24.75   -16.66        24.44    24.67   -16.64     0.109
  -28.66   -20.40    -8.11       -28.66   -20.40    -8.12     0.009
  -15.19   -16.72   -49.99       -15.19   -16.72   -50.00     0.009
    4.35    20.70    39.87         4.34    20.53    39.82     0.169
   21.78    20.13   -25.91        21.76    20.12   -25.87     0.046
   -5.65     7.39    10.35        -5.73     7.45    10.33     0.100
    2.31    25.23    24.86         2.34    25.29    24.86     0.069
  -39.60   -15.45   -11.07       -39.55   -15.44   -11.10     0.056
   18.02     9.58   -24.11        17.99     9.59   -24.11     0.030
  -40.27   -22.41   -18.11       -40.25   -22.40   -18.12     0.027
   16.10    -5.00    17.88        16.06    -4.90    17.87     0.107
   -0.80    -0.62   -26.26        -0.74    -0.60   -26.33     0.097
    6.06   -12.19     7.26         6.10   -12.05     7.26     0.139
  -15.34   -33.51   -28.98       -15.36   -33.38   -28.98     0.137
    3.91    -6.04    40.09         3.91    -6.07    40.09     0.026
  -32.52     2.81   -14.20       -32.50     2.84   -14.28     0.093
   33.62     4.20   -23.82        33.52     4.20   -23.81     0.098
   25.15    23.38     9.12        25.13    23.35     9.10     0.039
    0.43    19.04    11.53         0.42    19.04    11.52     0.015
    2.24    13.12    64.08         2.25    13.10    64.05     0.041
  -31.20   -32.47   -34.78       -31.27   -32.59   -34.82     0.146
   12.75     9.66    65.26        12.75     9.66    65.25     0.015
   -3.83     6.11    41.43        -3.66     6.08    41.43     0.170
  -37.43   -12.96    -9.65       -37.43   -12.97    -9.63     0.018
   28.04    16.19    12.90        28.12    16.23    12.93     0.099
  -37.74     3.11   -37.81       -37.79     3.16   -37.83     0.082
   -3.35     7.13    51.38        -3.52     7.20    51.38     0.182
   16.69    -1.22    53.26        16.59    -1.11    53.25     0.142
   12.00   -11.71     4.99        11.96   -11.60     4.91     0.141
    0.15    23.88    33.76         0.13    23.84    33.74     0.049
   -1.53     0.82    65.35        -1.53     0.82    65.35     0.005
  -10.27   -23.34    -9.89       -10.28   -23.30    -9.93     0.061
    3.34    -1.19   -23.29         3.35    -1.19   -23.31     0.028
  -10.56    16.78    22.63       -10.56    16.77    22.64     0.011
  -28.74   -32.88   -36.42       -28.78   -32.98   -36.49     0.133
   -6.54     7.79   -13.64        -6.54     7.80   -13.64     0.006
   31.27    18.88   -12.86        31.30    18.91   -12.86     0.034
   14.73    -4.38    24.05        14.74    -4.43    24.05     0.049
   13.35    25.05    22.43        13.33    24.93    22.41     0.124
   -3.13   -26.37   -19.19        -3.13   -26.38   -19.18     0.016
  -43.87   -18.04   -21.99       -43.83   -18.02   -22.01     0.048
  -13.54   -32.32   -33.73       -13.53   -32.33   -33.73     0.010
   14.33    26.57    -0.69        14.44    26.40    -0.64     0.207
   26.15     1.22   -28.27        26.15     1.24   -28.20     0.071
    0.05   -17.30    -6.95         0.06   -17.50    -6.87     0.215
   15.16    10.97   -13.63        15.22    10.86   -13.55     0.142
  -19.83   -33.31   -19.76       -19.84   -33.27   -19.76     0.046
  -15.17   -10.61    -2.57       -15.20   -10.65    -2.54     0.062
   -2.79    -2.92    55.58        -2.80    -2.93    55.58     0.005
   -2.31    22.98    14.79        -2.36    23.06    14.71     0.133
   -3.32   -10.34     7.66        -3.31   -10.30     7.64     0.046
   15.15    25.50    17.99        15.14    25.67    18.04     0.170
   -5.94    -2.11    17.02        -5.88    -2.12    17.00     0.066
  -33.28   -22.27   -46.40       -33.30   -22.30   -46.42     0.039
  -11.30   -26.76   -13.58       -11.31   -26.67   -13.63     0.106
   20.15    18.98    37.24        20.20    19.01    37.24     0.052
   -0.40    -7.07    24.75        -0.42    -7.14    24.76     0.074
   -7.55     3.13   -32.47        -7.57     3.12   -32.47     0.015
   15.52    13.23    64.32        15.52    13.23    64.31     0.005
  -22.97   -33.61   -37.49       -22.97   -33.60   -37.48     0.010
  -24.85   -32.70   -17.78       -24.84   -32.75   -17.75     0.052
   29.53     5.69    13.11        29.52     5.70    13.10     0.016
   10.58    13.25    -6.04        10.54    13.28    -6.09     0.070
    1.82    -6.66    56.67         1.85    -6.58    56.68     0.081
   -3.99   -11.10     5.47        -3.97   -11.01     5.44     0.099
   -5.75    -3.30    17.11        -5.76    -3.30    17.12     0.016
    3.09     5.12   -19.49         3.05     5.07   -19.45     0.070
   19.49     4.32    57.28        19.36     4.33    57.28     0.128
    3.74   -13.19     1.04         3.72   -13.24     1.06     0.054
   30.79    -2.72   -26.86        30.82    -2.73   -26.90     0.054
    9.05    18.89    56.73         8.90    19.06    56.75     0.236
   23.92    19.20   -25.09        23.88    19.14   -24.98     0.129
  -28.21   -34.29   -29.47       -28.20   -34.24   -29.47     0.048
  -41.33     2.27   -25.15       -41.27     2.21   -25.17     0.091
  -26.73   -16.91    -7.50       -26.73   -16.91    -7.49     0.006
   34.38     2.50   -17.96        34.44     2.51   -17.97     0.054
   -3.74   -11.45   -36.10        -3.79   -11.47   -36.08     0.059
  -36.10   -18.63    -9.77       -36.11   -18.63    -9.66     0.105
   -0.58    -6.92    25.06        -0.61    -6.99    25.07     0.076
   -7.56   -10.88     3.12        -7.58   -10.90     3.13     0.030
  -10.06   -26.20   -13.35       -10.06   -26.22   -13.34     0.027
   15.12    26.70    -0.85        15.09    26.74    -0.86     0.055
  -21.63    12.03   -34.23       -21.63    12.07   -34.24     0.049
    0.53   -15.04    -2.26         0.52   -15.00    -2.30     0.058
    0.42   -22.83   -20.78         0.49   -22.89   -20.77     0.093
   17.79    10.83    63.24        17.71    10.78    63.23     0.093
   29.14     6.22   -30.48        29.15     6.22   -30.49     0.015
   33.80     7.07   -24.07        33.69     7.04   -24.06     0.112
   -1.31   -17.36   -35.26        -1.21   -17.35   -35.29     0.100
    1.49   -21.50   -19.87         1.49   -21.50   -19.87     0.000
    6.70   -13.70     3.77         6.69   -13.71     3.78     0.021
  -41.08     2.65   -28.02       -41.07     2.64   -28.02     0.017
   -4.53     1.74    58.07        -4.76     1.76    58.04     0.235
   17.98    11.84   -23.92        18.03    11.85   -23.90     0.047
    6.44    -7.79   -22.95         6.43    -7.78   -22.92     0.026
   13.99    12.88    -9.48        14.01    12.88    -9.47     0.023
   -4.65    -1.64    22.05        -4.68    -1.64    22.06     0.036
   12.92    21.28    49.74        12.80    21.41    49.77     0.174
   23.12    15.10   -27.23        23.11    15.06   -27.19     0.050
   -5.64     9.32    18.69        -5.66     9.32    18.69     0.026
   -4.06     1.26    30.43        -4.13     1.26    30.43     0.072
   15.91    24.60   -12.66        15.99    24.50   -12.64     0.130
   17.57    25.61   -12.44        17.56    25.61   -12.44     0.009
   23.78     7.70    25.80        23.83     7.70    25.81     0.043
    9.24    23.41     3.79         9.26    23.33     3.83     0.091
  -38.30     3.52   -35.93       -38.26     3.47   -35.91     0.061
   13.78     2.57   -22.28        13.82     2.49   -22.21     0.117
   34.20    -0.28    -0.72        34.22    -0.31    -0.72     0.040
   -4.87    23.67    33.94        -4.83    23.59    33.84     0.133
   -6.90    -6.11    11.35        -6.85    -6.09    11.33     0.053
   23.33     7.19   -28.74        23.33     7.18   -28.73     0.018
    0.71    -8.52    17.94         0.70    -8.55    17.94     0.028
  -43.77    -2.96   -22.95       -43.81    -2.94   -22.95     0.046
   27.51    10.75   -29.47        27.50    10.75   -29.49     0.014
   -4.36     7.28    27.43        -4.33     7.29    27.43     0.032
   34.16     5.54   -20.60        34.07     5.55   -20.59     0.089
  -35.35   -29.97   -22.80       -35.33   -29.95   -22.81     0.035
    5.86    24.44    20.45         5.85    24.53    20.45     0.088
   32.78     7.83   -26.53        32.73     7.80   -26.52     0.057
   -8.98     0.65   -39.84        -8.95     0.66   -39.85     0.034
   24.01     9.63   -28.82        24.01     9.63   -28.83     0.008
  -23.34    12.48   -23.66       -23.33    12.47   -23.66     0.007
   -3.90     7.45    32.70        -4.00     7.44    32.70     0.101
  -37.09     1.77   -15.63       -37.07     1.75   -15.64     0.031
  -31.23   -16.86    -7.92       -31.23   -16.86    -7.92     0.000
    3.27    25.01    20.53         3.29    25.12    20.53     0.114
   -4.09   -19.60    -8.75        -4.09   -19.61    -8.78     0.038
   -5.06     1.08   -29.40        -5.04     1.10   -29.43     0.036
  -37.61    -5.21   -12.26       -37.63    -5.19   -12.19     0.066
   -3.27    -1.86    39.41        -3.15    -1.80    39.40     0.133
   11.14    25.81    14.48        11.14    25.83    14.48     0.024
   33.95     2.44     7.05        33.98     2.42     7.06     0.038
   18.14    25.92   -15.57        18.19    25.84   -15.57     0.091
   15.02    -5.74    16.34        14.99    -5.64    16.32     0.105
   13.40    25.15    20.38        13.41    25.21    20.38     0.058
   22.98    25.53   -15.41        23.01    25.64   -15.43     0.118
   18.98   -11.69    -1.46        18.99   -11.69    -1.46     0.010
  -29.36     6.57   -17.06       -29.33     6.68   -16.95     0.155
   10.68    25.58    15.70        10.68    25.57    15.70     0.015
    1.54    14.75     8.22         1.52    14.77     8.21     0.027
    3.98    22.66    33.38         3.94    22.55    33.33     0.128
   11.43    18.49    -4.08        11.42    18.49    -4.10     0.027
   -0.37    -4.61   -27.93        -0.37    -4.61   -27.92     0.008
   18.51    10.49    57.66        18.38    10.43    57.65     0.145
   -3.34    25.93    30.37        -3.37    26.05    30.38     0.127
  -20.03    -3.30   -50.36       -20.03    -3.30   -50.35     0.014
   -8.05    -9.53     4.53        -8.06    -9.54     4.54     0.020
   -4.23     0.13    24.38        -4.36     0.13    24.38     0.123
   22.49    26.07     0.61        22.56    26.20     0.59     0.147
    4.98    -5.91    51.51         5.01    -6.12    51.50     0.217
    8.30    18.39    55.00         8.16    18.53    55.01     0.198
   -2.88    -2.05    42.30        -2.89    -2.06    42.30     0.008
   -3.91     3.90    35.26        -3.90     3.89    35.26     0.005
   20.91    22.94    22.55        20.84    22.86    22.53     0.109
  -20.54     8.73   -40.12       -20.54     8.79   -40.18     0.090
