150 PA5-D-Debug-Answer.txt 6
  -57.1383 -102.2931  -11.6019   36.5967  -57.6196   96.2776
  -35.19   -11.28   -38.50       -35.19   -11.28   -38.50     0.000
   30.69    -0.98    24.55        30.69    -0.98    24.55     0.000
   -5.66     0.34   -39.20        -5.66     0.34   -39.20     0.000
   13.32     4.94   -19.08        13.32     4.94   -19.08     0.000
  -40.70   -18.70   -17.88       -40.70   -18.70   -17.88     0.000
   19.42   -11.68   -20.23        19.42   -11.68   -20.23     0.000
   -8.55     9.20    33.51        -8.55     9.20    33.51     0.000
  -16.60   -32.41   -21.76       -16.60   -32.41   -21.76     0.000
   -4.58   -15.64    -0.97        -4.58   -15.64    -0.97     0.000
   -3.27    13.81    57.66        -3.27    13.81    57.66     0.000
   32.37    17.31   -20.20        32.37    17.31   -20.20     0.000
  -40.08   -21.02   -24.23       -40.08   -21.02   -24.23     0.000
   -5.34    -9.43    56.41        -5.34    -9.43    56.41     0.000
  -27.54   -27.20   -11.05       -27.54   -27.20   -11.05     0.000
   20.23   -10.38   -22.13        20.23   -10.38   -22.13     0.000
  -24.30   -32.02   -20.28       -24.30   -32.02   -20.28     0.000
  -25.34     0.41   -40.65       -25.34     0.41   -40.65     0.000
  -16.36    22.95    27.25       -16.36    22.95    27.25     0.000
   -0.50    25.70     6.80        -0.50    25.70     6.80     0.000
   11.51    20.28    49.72        11.51    20.28    49.72     0.000
  -36.90   -21.14   -12.29       -36.90   -21.14   -12.29     0.000
  -23.41    -7.90    -1.66       -23.41    -7.90    -1.66     0.000
  -30.39   -12.66   -42.21       -30.39   -12.66   -42.21     0.000
   27.73    14.00    29.92        27.73    14.00    29.92     0.000
   -9.25    11.83    -4.22        -9.25    11.83    -4.22     0.000
   -6.60    -8.02    56.30        -6.60    -8.02    56.30     0.000
   38.21     6.96   -12.29        38.21     6.96   -12.29     0.000
    6.80    24.24    33.62         6.80    24.24    33.62     0.000
   18.97    -4.83   -23.78        18.97    -4.83   -23.78     0.000
   -3.72   -24.99   -24.58        -3.72   -24.99   -24.58     0.000
   -5.88    14.57    54.22        -5.88    14.57    54.22     0.000
   -0.74   -13.52    10.21        -0.74   -13.52    10.21     0.000
   25.05    -0.98    39.11        25.05    -0.98    39.11     0.000
   -5.33    22.68     9.06        -5.33    22.68     9.06     0.000
  -23.21    -7.04   -43.90       -23.21    -7.04   -43.90     0.000
   -6.40    -8.90    41.92        -6.40    -8.90    41.92     0.000
  -28.78     9.17   -25.42       -28.78     9.17   -25.42     0.000
  -16.34     2.37     8.58       -16.34     2.37     8.58     0.000
  -37.04     2.58   -19.89       -37.04     2.58   -19.89     0.000
   -1.82   -17.83    -8.75        -1.82   -17.83    -8.75     0.000
   22.50     3.50    56.19        22.50     3.50    56.19     0.000
  -31.36    -8.30    -6.55       -31.36    -8.30    -6.55     0.000
   22.27    13.81    54.25        22.27    13.81    54.25     0.000
    9.56    23.90    30.70         9.56    23.90    30.70     0.000
  -10.03   -27.39   -35.01       -10.03   -27.39   -35.01     0.000
   -0.79    -9.07   -33.26        -0.79    -9.07   -33.26     0.000
  -22.54    -9.07    -0.85       -22.54    -9.07    -0.85     0.000
   10.14     6.43   -16.18        10.14     6.43   -16.18     0.000
   19.85   -14.71    -4.74        19.85   -14.71    -4.74     0.000
   -5.17   -13.39    15.59        -5.17   -13.39    15.59     0.000
  -39.39    -1.01   -27.53       -39.39    -1.01   -27.53     0.000
   -7.47   -13.79   -42.71        -7.47   -13.79   -42.71     0.000
    4.88    22.27    -7.14         4.88    22.27    -7.14     0.000
   23.92    -8.25    18.07        23.92    -8.25    18.07     0.000
   33.92    12.51   -21.88        33.92    12.51   -21.88     0.000
   42.43     0.54     8.17        42.43     0.54     8.17     0.000
   33.65     2.06    21.20        33.65     2.06    21.20     0.000
   16.55    -8.58    38.32        16.55    -8.58    38.32     0.000
   31.54    21.86     6.00        31.54    21.86     6.00     0.000
   29.89    -0.94   -24.17        29.89    -0.94   -24.17     0.000
   22.31    -7.79    24.58        22.31    -7.79    24.58     0.000
  -11.27    -2.78    29.73       -11.27    -2.78    29.73     0.000
  -32.00   -28.81   -20.84       -32.00   -28.81   -20.84     0.000
  -32.50   -27.26   -15.01       -32.50   -27.26   -15.01     0.000
   17.63    24.68    19.49        17.63    24.68    19.49     0.000
    8.64    20.27    52.52         8.64    20.27    52.52     0.000
   34.70    18.94    10.13        34.70    18.94    10.13     0.000
    9.77   -10.12    48.96         9.77   -10.12    48.96     0.000
  -37.54   -18.30   -11.61       -37.54   -18.30   -11.61     0.000
   22.44    16.93    38.12        22.44    16.93    38.12     0.000
   24.70     6.15    48.99        24.70     6.15    48.99     0.000
   -8.15   -26.36   -34.71        -8.15   -26.36   -34.71     0.000
   33.28    17.58    14.23        33.28    17.58    14.23     0.000
  -31.87    -4.19    -9.00       -31.87    -4.19    -9.00     0.000
   27.46     3.78    35.25        27.46     3.78    35.25     0.000
   34.40    18.06    -6.61        34.40    18.06    -6.61     0.000
   32.18   -12.69   -11.99        32.18   -12.69   -11.99     0.000
  -13.31    10.53    11.09       -13.31    10.53    11.09     0.000
   -6.08   -17.22    -5.39        -6.08   -17.22    -5.39     0.000
  -12.06   -26.17   -38.14       -12.06   -26.17   -38.14     0.000
   21.71    -5.65    37.59        21.71    -5.65    37.59     0.000
    4.53   -10.82    36.92         4.53   -10.82    36.92     0.000
    1.37   -14.73     3.90         1.37   -14.73     3.90     0.000
   -3.03    20.70     3.92        -3.03    20.70     3.92     0.000
   14.21   -11.26     4.29        14.21   -11.26     4.29     0.000
   11.24   -13.74     1.68        11.24   -13.74     1.68     0.000
   -2.68    28.76    28.94        -2.68    28.76    28.94     0.000
  -26.08    -2.35    -8.72       -26.08    -2.35    -8.72     0.000
    0.75    19.77    52.37         0.75    19.77    52.37     0.000
    1.42    13.55    57.44         1.42    13.55    57.44     0.000
    6.52   -14.80     1.51         6.52   -14.80     1.51     0.000
   -9.17     9.24   -23.31        -9.17     9.24   -23.31     0.000
  -42.60   -13.31   -18.91       -42.60   -13.31   -18.91     0.000
  -12.11    28.31    29.31       -12.11    28.31    29.31     0.000
    4.71     3.30   -20.02         4.71     3.30   -20.02     0.000
   -8.44    12.98    41.30        -8.44    12.98    41.30     0.000
   26.01    24.91    -0.81        26.01    24.91    -0.81     0.000
    4.98    25.38    31.96         4.98    25.38    31.96     0.000
  -24.85     9.87   -20.15       -24.85     9.87   -20.15     0.000
   40.80     0.91    -8.46        40.80     0.91    -8.46     0.000
   -3.14   -10.80    49.07        -3.14   -10.80    49.07     0.000
   13.78     9.81   -19.45        13.78     9.81   -19.45     0.000
   -4.31     0.85   -37.15        -4.31     0.85   -37.15     0.000
   -0.66    25.61     6.90        -0.66    25.61     6.90     0.000
   -8.82   -29.47   -28.96        -8.82   -29.47   -28.96     0.000
   -4.31     1.53   -35.95        -4.31     1.53   -35.95     0.000
  -43.35   -11.34   -22.15       -43.35   -11.34   -22.15     0.000
   11.18    25.97   -11.93        11.18    25.97   -11.93     0.000
   15.14    24.66    22.40        15.14    24.66    22.40     0.000
   12.46     1.84   -20.53        12.46     1.84   -20.53     0.000
   18.36    -5.76    53.01        18.36    -5.76    53.01     0.000
   -7.24   -21.86   -12.67        -7.24   -21.86   -12.67     0.000
  -39.73    -3.23   -14.13       -39.73    -3.23   -14.13     0.000
  -26.69     0.98   -12.69       -26.69     0.98   -12.69     0.000
  -19.13   -32.85   -26.71       -19.13   -32.85   -26.71     0.000
   32.01    21.49     8.03        32.01    21.49     8.03     0.000
   -2.62     2.35   -24.27        -2.62     2.35   -24.27     0.000
    6.40    16.80   -11.37         6.40    16.80   -11.37     0.000
   22.30    17.48    35.71        22.30    17.48    35.71     0.000
  -11.77   -10.24    13.64       -11.77   -10.24    13.64     0.000
   -4.52   -24.65   -19.68        -4.52   -24.65   -19.68     0.000
   12.76    22.51   -32.26        12.76    22.51   -32.26     0.000
    0.08   -11.33    53.14         0.08   -11.33    53.14     0.000
   23.56     3.39    51.08        23.56     3.39    51.08     0.000
  -15.25    -5.71     9.58       -15.25    -5.71     9.58     0.000
  -33.22    -0.51   -12.16       -33.22    -0.51   -12.16     0.000
   -1.06     1.85    58.46        -1.06     1.85    58.46     0.000
   -5.72   -23.71   -15.85        -5.72   -23.71   -15.85     0.000
    5.43   -10.88    48.79         5.43   -10.88    48.79     0.000
    9.17    10.43    56.76         9.17    10.43    56.76     0.000
  -37.48    -6.82   -35.46       -37.48    -6.82   -35.46     0.000
  -28.93   -30.22   -28.55       -28.93   -30.22   -28.55     0.000
  -30.95    -2.50   -39.10       -30.95    -2.50   -39.10     0.000
   -7.85   -23.08   -12.33        -7.85   -23.08   -12.33     0.000
   36.32    14.31    13.60        36.32    14.31    13.60     0.000
   18.30    27.64   -22.03        18.30    27.64   -22.03     0.000
   -6.25    22.06     9.20        -6.25    22.06     9.20     0.000
   40.77     8.11    -0.54        40.77     8.11    -0.54     0.000
  -12.64    13.85    12.59       -12.64    13.85    12.59     0.000
  -12.04     9.09   -17.15       -12.04     9.09   -17.15     0.000
   15.99    -4.02   -22.91        15.99    -4.02   -22.91     0.000
  -19.60   -31.82   -29.78       -19.60   -31.82   -29.78     0.000
    0.30    -3.46   -24.93         0.30    -3.46   -24.93     0.000
   -9.91    10.85    -6.83        -9.91    10.85    -6.83     0.000
    9.06   -11.58   -20.45         9.06   -11.58   -20.45     0.000
   -9.67     9.52   -17.08        -9.67     9.52   -17.08     0.000
  -13.95    15.94    24.93       -13.95    15.94    24.93     0.000
  -32.69     1.86   -14.33       -32.69     1.86   -14.33     0.000
   33.23   -10.06    -1.23        33.23   -10.06    -1.23     0.000
   20.21   -11.72   -20.67        20.21   -11.72   -20.67     0.000
