15 PA3-A-Debug-Output.txt 0
  9.597   -3.555   35.592           10.033   -6.452   35.612       2.930
  0.462    5.667   61.717            0.384    5.712   63.428       1.714
 39.972   -2.631   -5.073           37.821   -1.029   -5.248       2.688
 33.169   -6.901  -16.553           33.299   -6.994  -16.589       0.164
 19.037   28.852   20.352           17.327   23.472   19.019       5.801
  1.292   15.194   63.057            1.404   15.096   62.764       0.328
-28.876   -4.355   -3.790          -26.578   -6.134   -7.705       4.875
  4.019   18.839   64.697            4.659   17.825   63.089       2.006
 37.490   23.905   12.700           30.923   18.959    9.391       8.862
-28.655   -1.873  -38.289          -31.040    1.159  -42.393       5.632
 38.523   15.639   19.432           30.070   13.410   16.197       9.321
 26.392    3.839   64.297           20.919    5.124   61.644       6.217
-17.889  -21.425  -37.292          -16.509  -25.571  -42.261       6.618
  2.619  -19.335  -29.455            0.116  -18.769  -28.689       2.678
  4.930    3.355  -22.650            4.165    2.205  -21.333       1.909
