15 PA3-F-Debug-Output.txt 0
-32.970  -21.444  -10.615          -32.969  -21.443  -10.616   0.002
  2.639   11.881   62.990            2.639   11.892   63.268   0.278
 15.033   -7.446   29.789           14.910   -6.159   29.734   1.294
  8.060   -6.418   56.231            8.128   -7.163   56.210   0.748
-31.331  -27.646  -13.983          -30.522  -26.785  -14.633   1.348
 -7.528   21.068   16.679           -7.665   21.575   16.313   0.640
-35.574   -5.072  -41.544          -36.308   -4.849  -42.360   1.120
 -2.251  -25.084  -16.652           -3.631  -23.043  -17.545   2.621
 20.686  -11.210    9.843           19.963   -8.455    9.101   2.944
-22.974  -20.213   -7.011          -22.972  -20.327   -6.809   0.232
-41.762  -15.318  -23.131          -42.872  -15.619  -22.993   1.158
 30.424   17.910    0.210           31.713   19.045    0.066   1.723
-32.345   -4.303  -11.724          -32.635   -3.712  -10.024   1.824
 14.619  -17.077    0.959           13.768  -15.251   -0.084   2.268
-20.514  -26.549  -46.142          -20.022  -24.713  -44.161   2.745
